0,SUCCESS,exec9,10,0,3.7182,3.8182,0
4,SUCCESS,exec9,10,0,19.8378,23.656,0
8,SUCCESS,exec9,10,0,8.3342,31.9902,0
12,SUCCESS,exec9,10,0,17.5057,49.4958,0
16,SUCCESS,exec9,10,0,6.8052,56.301,0
20,SUCCESS,exec9,10,0,16.7835,73.0845,0
24,SUCCESS,exec9,10,0,15.8762,88.9607,0
28,SUCCESS,exec9,10,0,10.5695,99.5302,0
32,SUCCESS,exec9,10,0,5.1022,104.6323,0
36,SUCCESS,exec9,10,0,19.6447,124.277,0
40,SUCCESS,exec9,10,0,11.8948,136.1718,0
44,SUCCESS,exec9,10,0,18.466,154.6378,0
48,SUCCESS,exec9,10,0,9.5853,164.2232,0
52,SUCCESS,exec9,10,0,12.1595,176.3827,0
56,SUCCESS,exec9,10,0,5.9153,182.298,0
60,SUCCESS,exec9,10,0,5.3177,187.6157,0
64,SUCCESS,exec9,10,0,8.165,195.7807,0
68,SUCCESS,exec9,10,0,2.216,197.9967,0
72,SUCCESS,exec9,10,0,9.1327,207.1293,0
76,SUCCESS,exec9,10,0,16.3517,223.481,0
80,SUCCESS,exec9,10,0,9.317,232.798,0
84,SUCCESS,exec9,10,0,18.513,251.311,0
88,SUCCESS,exec9,10,0,10.929,262.24,0
92,SUCCESS,exec9,10,0,5.934,268.174,0
96,SUCCESS,exec9,10,0,17.314,285.488,0
100,SUCCESS,exec9,10,0,3.62,289.108,0
104,SUCCESS,exec9,10,0,19.957,309.065,0
108,SUCCESS,exec9,10,0,12.022,321.087,0
112,SUCCESS,exec9,10,0,8.496,329.583,0
116,SUCCESS,exec9,10,0,3.458,333.041,0
120,SUCCESS,exec9,10,0,12.21,345.251,0
124,SUCCESS,exec9,10,0,2.87,348.121,0
128,SUCCESS,exec9,10,0,14.17,362.291,0
132,SUCCESS,exec9,10,0,5.83,368.121,0
136,SUCCESS,exec9,10,0,11.898,380.019,0
140,SUCCESS,exec9,10,0,11.956,391.975,0
144,SUCCESS,exec9,10,0,12.938,404.913,0
148,SUCCESS,exec9,10,0,4.912,409.825,0
152,SUCCESS,exec9,10,0,14.438,424.263,0
156,SUCCESS,exec9,10,0,4.028,428.291,0
160,SUCCESS,exec9,10,0,15.442,443.733,0
164,SUCCESS,exec9,10,0,12.192,455.925,0
168,SUCCESS,exec9,10,0,17.134,473.059,0
172,SUCCESS,exec9,10,0,18.728,491.787,0
176,SUCCESS,exec9,10,0,5.458,497.245,0
180,SUCCESS,exec9,10,0,6.154,503.399,0
184,SUCCESS,exec9,10,0,6.722,510.121,0
188,SUCCESS,exec9,10,0,7.696,517.817,0
192,SUCCESS,exec9,10,0,13.042,530.859,0
196,SUCCESS,exec9,10,0,17.906,548.765,0
200,SUCCESS,exec9,10,0,9.194,557.959,0
204,SUCCESS,exec9,10,0,15.25,573.209,0
208,SUCCESS,exec9,10,0,4.442,577.651,0
212,SUCCESS,exec9,10,0,3.472,581.123,0
216,SUCCESS,exec9,10,0,15.606,596.729,0
220,SUCCESS,exec9,10,0,18.074,614.803,0
224,SUCCESS,exec9,10,0,13.37,628.173,0
228,SUCCESS,exec9,10,0,18.83,647.003,0
232,SUCCESS,exec9,10,0,8.884,655.887,0
236,SUCCESS,exec9,10,0,6.06,661.947,0
240,SUCCESS,exec9,10,0,7.95,669.897,0
244,SUCCESS,exec9,10,0,8.012,677.909,0
248,SUCCESS,exec9,10,0,4.686,682.595,0
252,SUCCESS,exec9,10,0,14.63,697.225,0
1,SUCCESS,exec9,10,1,3.6082,3.7082,0
5,SUCCESS,exec9,10,1,5.014,8.7222,0
9,SUCCESS,exec9,10,1,7.0303,15.7525,0
13,SUCCESS,exec9,10,1,6.8435,22.596,0
17,SUCCESS,exec9,10,1,8.6482,31.2442,0
21,SUCCESS,exec9,10,1,6.4467,37.6908,0
25,SUCCESS,exec9,10,1,3.6525,41.3433,0
29,SUCCESS,exec9,10,1,5.07,46.4133,0
33,SUCCESS,exec9,10,1,3.8195,50.2328,0
37,SUCCESS,exec9,10,1,1.1497,51.3825,0
41,SUCCESS,exec9,10,1,1.5305,52.913,0
45,SUCCESS,exec9,10,1,4.7305,57.6435,0
49,SUCCESS,exec9,10,1,5.6737,63.3172,0
53,SUCCESS,exec9,10,1,3.006,66.3232,0
57,SUCCESS,exec9,10,1,2.0495,68.3727,0
61,SUCCESS,exec9,10,1,9.8965,78.2692,0
65,SUCCESS,exec9,10,1,2.9262,81.1953,0
69,SUCCESS,exec9,10,1,4.362,85.5573,0
73,SUCCESS,exec9,10,1,5.8452,91.4025,0
77,SUCCESS,exec9,10,1,2.505,93.9075,0
81,SUCCESS,exec9,10,1,1.402,95.3095,0
85,SUCCESS,exec9,10,1,8.2823,103.5918,0
89,SUCCESS,exec9,10,1,3.7752,107.367,0
93,SUCCESS,exec9,10,1,1.2145,108.5815,0
97,SUCCESS,exec9,10,1,3.9557,112.5372,0
101,SUCCESS,exec9,10,1,8.4822,121.0193,0
105,SUCCESS,exec9,10,1,8.5105,129.5298,0
109,SUCCESS,exec9,10,1,1.576,131.1058,0
113,SUCCESS,exec9,10,1,5.557,136.6628,0
117,SUCCESS,exec9,10,1,6.3993,143.0622,0
121,SUCCESS,exec9,10,1,8.0348,151.097,0
125,SUCCESS,exec9,10,1,1.256,152.353,0
129,SUCCESS,exec9,10,1,4.5375,156.8905,0
133,SUCCESS,exec9,10,1,4.1692,161.0597,0
137,SUCCESS,exec9,10,1,8.3152,169.3748,0
141,SUCCESS,exec9,10,1,2,171.3748,0
145,SUCCESS,exec9,10,1,7.2478,178.6227,0
149,SUCCESS,exec9,10,1,6.885,185.5077,0
153,SUCCESS,exec9,10,1,3.363,188.8707,0
157,SUCCESS,exec9,10,1,1.4687,190.3393,0
161,SUCCESS,exec9,10,1,2.8647,193.204,0
165,SUCCESS,exec9,10,1,4.4987,197.7027,0
169,SUCCESS,exec9,10,1,8.1407,205.8433,0
173,SUCCESS,exec9,10,1,5.328,211.1713,0
177,SUCCESS,exec9,10,1,6.605,217.7763,0
181,SUCCESS,exec9,10,1,2.348,220.1243,0
185,SUCCESS,exec9,10,1,6.4497,226.574,0
189,SUCCESS,exec9,10,1,7.915,234.489,0
193,SUCCESS,exec9,10,1,9.696,244.185,0
197,SUCCESS,exec9,10,1,4.672,248.857,0
201,SUCCESS,exec9,10,1,8.732,257.589,0
205,SUCCESS,exec9,10,1,4.455,262.044,0
209,SUCCESS,exec9,10,1,8.191,270.235,0
213,SUCCESS,exec9,10,1,2.406,272.641,0
217,SUCCESS,exec9,10,1,5.515,278.156,0
221,SUCCESS,exec9,10,1,1.416,279.572,0
225,SUCCESS,exec9,10,1,6.148,285.72,0
229,SUCCESS,exec9,10,1,3.815,289.535,0
233,SUCCESS,exec9,10,1,1.684,291.219,0
237,SUCCESS,exec9,10,1,1.193,292.412,0
241,SUCCESS,exec9,10,1,6.211,298.623,0
245,SUCCESS,exec9,10,1,1.618,300.241,0
249,SUCCESS,exec9,10,1,6.006,306.247,0
253,SUCCESS,exec9,10,1,5.704,311.951,0
2,SUCCESS,exec9,10,2,2.0507,2.1507,0
6,SUCCESS,exec9,10,2,1.1245,3.2752,0
10,SUCCESS,exec9,10,2,0.923,4.1982,0
14,SUCCESS,exec9,10,2,5.5748,9.773,0
18,SUCCESS,exec9,10,2,6.4555,16.2285,0
22,SUCCESS,exec9,10,2,1.5173,17.7458,0
26,SUCCESS,exec9,10,2,3.5397,21.2855,0
30,SUCCESS,exec9,10,2,4.959,26.2445,0
34,SUCCESS,exec9,10,2,3.5037,29.7482,0
38,SUCCESS,exec9,10,2,0.884,30.6322,0
42,SUCCESS,exec9,10,2,1.6407,32.2728,0
46,SUCCESS,exec9,10,2,6.3707,38.6435,0
50,SUCCESS,exec9,10,2,2.0438,40.6873,0
54,SUCCESS,exec9,10,2,3.414,44.1013,0
58,SUCCESS,exec9,10,2,1.738,45.8393,0
62,SUCCESS,exec9,10,2,2.4825,48.3218,0
66,SUCCESS,exec9,10,2,2.5477,50.8695,0
70,SUCCESS,exec9,10,2,6.37,57.2395,0
74,SUCCESS,exec9,10,2,1.0493,58.2888,0
78,SUCCESS,exec9,10,2,3.8483,62.1372,0
82,SUCCESS,exec9,10,2,4.42,66.5572,0
86,SUCCESS,exec9,10,2,3.3948,69.952,0
90,SUCCESS,exec9,10,2,2.0165,71.9685,0
94,SUCCESS,exec9,10,2,1.4173,73.3858,0
98,SUCCESS,exec9,10,2,3.3138,76.6997,0
102,SUCCESS,exec9,10,2,3.0082,79.7078,0
106,SUCCESS,exec9,10,2,5.9595,85.6673,0
110,SUCCESS,exec9,10,2,1.9853,87.6527,0
114,SUCCESS,exec9,10,2,3.5488,91.2015,0
118,SUCCESS,exec9,10,2,4.5767,95.7782,0
122,SUCCESS,exec9,10,2,5.2867,101.0648,0
126,SUCCESS,exec9,10,2,2.9715,104.0363,0
130,SUCCESS,exec9,10,2,2.0547,106.091,0
134,SUCCESS,exec9,10,2,5.2312,111.3222,0
138,SUCCESS,exec9,10,2,6.0117,117.3338,0
142,SUCCESS,exec9,10,2,4.4568,121.7907,0
146,SUCCESS,exec9,10,2,2.0663,123.857,0
150,SUCCESS,exec9,10,2,3.2808,127.1378,0
154,SUCCESS,exec9,10,2,3.786,130.9238,0
158,SUCCESS,exec9,10,2,6.4923,137.4162,0
162,SUCCESS,exec9,10,2,4.286,141.7022,0
166,SUCCESS,exec9,10,2,2.5253,144.2275,0
170,SUCCESS,exec9,10,2,5.141,149.3685,0
174,SUCCESS,exec9,10,2,4.8373,154.2058,0
178,SUCCESS,exec9,10,2,1.8247,156.0305,0
182,SUCCESS,exec9,10,2,1.5067,157.5372,0
186,SUCCESS,exec9,10,2,6.352,163.8892,0
190,SUCCESS,exec9,10,2,4.0422,167.9313,0
194,SUCCESS,exec9,10,2,3.5535,171.4848,0
198,SUCCESS,exec9,10,2,1.3105,172.7953,0
202,SUCCESS,exec9,10,2,0.8933,173.6887,0
206,SUCCESS,exec9,10,2,6.3533,180.042,0
210,SUCCESS,exec9,10,2,4.8847,184.9267,0
214,SUCCESS,exec9,10,2,0.705,185.6317,0
218,SUCCESS,exec9,10,2,4.5537,190.1853,0
222,SUCCESS,exec9,10,2,2.7687,192.954,0
226,SUCCESS,exec9,10,2,1.8867,194.8407,0
230,SUCCESS,exec9,10,2,5.646,200.4867,0
234,SUCCESS,exec9,10,2,4.9707,205.4573,0
238,SUCCESS,exec9,10,2,5.9467,211.404,0
242,SUCCESS,exec9,10,2,3.452,214.856,0
246,SUCCESS,exec9,10,2,1.1073,215.9633,0
250,SUCCESS,exec9,10,2,2.257,218.2203,0
254,SUCCESS,exec9,10,2,3.1387,221.359,0
3,SUCCESS,exec9,10,3,2.2772,2.3772,0
7,SUCCESS,exec9,10,3,1.093,3.4702,0
11,SUCCESS,exec9,10,3,2.146,5.6162,0
15,SUCCESS,exec9,10,3,3.7955,9.4117,0
19,SUCCESS,exec9,10,3,4.9048,14.3165,0
23,SUCCESS,exec9,10,3,3.7308,18.0473,0
27,SUCCESS,exec9,10,3,3.1075,21.1548,0
31,SUCCESS,exec9,10,3,0.5932,21.748,0
35,SUCCESS,exec9,10,3,2.5565,24.3045,0
39,SUCCESS,exec9,10,3,3.463,27.7675,0
43,SUCCESS,exec9,10,3,3.2247,30.9922,0
47,SUCCESS,exec9,10,3,4.3997,35.3918,0
51,SUCCESS,exec9,10,3,1.527,36.9188,0
55,SUCCESS,exec9,10,3,3.0872,40.006,0
59,SUCCESS,exec9,10,3,4.7033,44.7093,0
63,SUCCESS,exec9,10,3,3.4865,48.1958,0
67,SUCCESS,exec9,10,3,3.5632,51.759,0
71,SUCCESS,exec9,10,3,4.7865,56.5455,0
75,SUCCESS,exec9,10,3,3.1923,59.7378,0
79,SUCCESS,exec9,10,3,1.394,61.1318,0
83,SUCCESS,exec9,10,3,3.1693,64.3012,0
87,SUCCESS,exec9,10,3,3.1335,67.4347,0
91,SUCCESS,exec9,10,3,4.3818,71.8165,0
95,SUCCESS,exec9,10,3,4.2318,76.0483,0
99,SUCCESS,exec9,10,3,1.8268,77.8752,0
103,SUCCESS,exec9,10,3,2.3322,80.2073,0
107,SUCCESS,exec9,10,3,2.428,82.6353,0
111,SUCCESS,exec9,10,3,3.032,85.6673,0
115,SUCCESS,exec9,10,3,4.5368,90.2042,0
119,SUCCESS,exec9,10,3,2.8383,93.0425,0
123,SUCCESS,exec9,10,3,2.157,95.1995,0
127,SUCCESS,exec9,10,3,1.8907,97.0902,0
131,SUCCESS,exec9,10,3,2.55,99.6402,0
135,SUCCESS,exec9,10,3,4.1642,103.8043,0
139,SUCCESS,exec9,10,3,4.4962,108.3005,0
143,SUCCESS,exec9,10,3,1.875,110.1755,0
147,SUCCESS,exec9,10,3,3.6057,113.7812,0
151,SUCCESS,exec9,10,3,4.6812,118.4623,0
155,SUCCESS,exec9,10,3,3.8393,122.3017,0
159,SUCCESS,exec9,10,3,1.6653,123.967,0
163,SUCCESS,exec9,10,3,2.5555,126.5225,0
167,SUCCESS,exec9,10,3,1.8453,128.3678,0
171,SUCCESS,exec9,10,3,3.832,132.1998,0
175,SUCCESS,exec9,10,3,3.662,135.8618,0
179,SUCCESS,exec9,10,3,1.367,137.2288,0
183,SUCCESS,exec9,10,3,0.7573,137.9862,0
187,SUCCESS,exec9,10,3,1.45,139.4362,0
191,SUCCESS,exec9,10,3,2.376,141.8122,0
195,SUCCESS,exec9,10,3,0.696,142.5082,0
199,SUCCESS,exec9,10,3,1.356,143.8642,0
203,SUCCESS,exec9,10,3,0.9838,144.848,0
207,SUCCESS,exec9,10,3,1.2985,146.1465,0
211,SUCCESS,exec9,10,3,2.124,148.2705,0
215,SUCCESS,exec9,10,3,2.7165,150.987,0
219,SUCCESS,exec9,10,3,1.6715,152.6585,0
223,SUCCESS,exec9,10,3,3.1213,155.7798,0
227,SUCCESS,exec9,10,3,2.1953,157.9752,0
231,SUCCESS,exec9,10,3,2.2875,160.2627,0
235,SUCCESS,exec9,10,3,2.105,162.3677,0
239,SUCCESS,exec9,10,3,1.0575,163.4252,0
243,SUCCESS,exec9,10,3,2.8175,166.2427,0
247,SUCCESS,exec9,10,3,1.8072,168.0498,0
251,SUCCESS,exec9,10,3,3.6605,171.7103,0
255,SUCCESS,exec9,10,3,0.975,172.6853,0
