0,SUCCESS,exec3,10,0,3.4195,3.5195,0
4,SUCCESS,exec3,10,0,10.7385,14.258,0
8,SUCCESS,exec3,10,0,3.7393,17.9973,0
12,SUCCESS,exec3,10,0,6.7017,24.699,0
16,SUCCESS,exec3,10,0,7.8307,32.5297,0
20,SUCCESS,exec3,10,0,9.4322,41.9618,0
24,SUCCESS,exec3,10,0,4.084,46.0458,0
28,SUCCESS,exec3,10,0,16.637,62.6828,0
32,SUCCESS,exec3,10,0,6.0125,68.6953,0
36,SUCCESS,exec3,10,0,5.1677,73.863,0
40,SUCCESS,exec3,10,0,18.5177,92.3807,0
44,SUCCESS,exec3,10,0,13.199,105.5797,0
48,SUCCESS,exec3,10,0,11.234,116.8137,0
52,SUCCESS,exec3,10,0,8.7323,125.546,0
56,SUCCESS,exec3,10,0,18.1427,143.6887,0
60,SUCCESS,exec3,10,0,19.3862,163.0748,0
64,SUCCESS,exec3,10,0,12.0102,175.085,0
68,SUCCESS,exec3,10,0,18.9837,194.0687,0
72,SUCCESS,exec3,10,0,6.3393,200.408,0
76,SUCCESS,exec3,10,0,11.46,211.868,0
80,SUCCESS,exec3,10,0,7.667,219.535,0
84,SUCCESS,exec3,10,0,14.7287,234.2637,0
88,SUCCESS,exec3,10,0,12.558,246.8217,0
92,SUCCESS,exec3,10,0,17.135,263.9567,0
96,SUCCESS,exec3,10,0,17.635,281.5917,0
100,SUCCESS,exec3,10,0,2.34,283.9317,0
104,SUCCESS,exec3,10,0,4.714,288.6457,0
108,SUCCESS,exec3,10,0,9.205,297.8507,0
112,SUCCESS,exec3,10,0,7.048,304.8987,0
116,SUCCESS,exec3,10,0,11.255,316.1537,0
120,SUCCESS,exec3,10,0,14.887,331.0407,0
124,SUCCESS,exec3,10,0,14.758,345.7987,0
128,SUCCESS,exec3,10,0,7.305,353.1037,0
132,SUCCESS,exec3,10,0,3.102,356.2057,0
136,SUCCESS,exec3,10,0,11.86,368.0657,0
140,SUCCESS,exec3,10,0,14.542,382.6077,0
144,SUCCESS,exec3,10,0,10.71,393.3177,0
148,SUCCESS,exec3,10,0,10.884,404.2017,0
152,SUCCESS,exec3,10,0,12.756,416.9577,0
156,SUCCESS,exec3,10,0,5.138,422.0957,0
160,SUCCESS,exec3,10,0,10.522,432.6177,0
164,SUCCESS,exec3,10,0,12.946,445.5637,0
168,SUCCESS,exec3,10,0,10.422,455.9857,0
172,SUCCESS,exec3,10,0,19.446,475.4317,0
176,SUCCESS,exec3,10,0,9.382,484.8137,0
180,SUCCESS,exec3,10,0,16.598,501.4117,0
184,SUCCESS,exec3,10,0,6.404,507.8157,0
188,SUCCESS,exec3,10,0,12.314,520.1297,0
192,SUCCESS,exec3,10,0,9.82,529.9497,0
196,SUCCESS,exec3,10,0,10.886,540.8357,0
200,SUCCESS,exec3,10,0,4.12,544.9557,0
204,SUCCESS,exec3,10,0,13.452,558.4077,0
208,SUCCESS,exec3,10,0,13.43,571.8377,0
212,SUCCESS,exec3,10,0,7.204,579.0417,0
216,SUCCESS,exec3,10,0,14.106,593.1477,0
220,SUCCESS,exec3,10,0,18.99,612.1377,0
224,SUCCESS,exec3,10,0,3.14,615.2777,0
228,SUCCESS,exec3,10,0,19.53,634.8077,0
232,SUCCESS,exec3,10,0,13.202,648.0097,0
236,SUCCESS,exec3,10,0,7.592,655.6017,0
240,SUCCESS,exec3,10,0,9.388,664.9897,0
244,SUCCESS,exec3,10,0,13.79,678.7797,0
248,SUCCESS,exec3,10,0,8.104,686.8837,0
252,SUCCESS,exec3,10,0,6.428,693.3117,0
1,SUCCESS,exec3,10,1,4.3785,4.4785,0
5,SUCCESS,exec3,10,1,9.4275,13.906,0
9,SUCCESS,exec3,10,1,3.4433,17.3493,0
13,SUCCESS,exec3,10,1,3.382,20.7313,0
17,SUCCESS,exec3,10,1,3.5097,24.241,0
21,SUCCESS,exec3,10,1,4.0547,28.2957,0
25,SUCCESS,exec3,10,1,1.85,30.1457,0
29,SUCCESS,exec3,10,1,5.693,35.8387,0
33,SUCCESS,exec3,10,1,2.029,37.8677,0
37,SUCCESS,exec3,10,1,3.7482,41.6158,0
41,SUCCESS,exec3,10,1,5.651,47.2668,0
45,SUCCESS,exec3,10,1,6.7092,53.976,0
49,SUCCESS,exec3,10,1,4.8467,58.8227,0
53,SUCCESS,exec3,10,1,4.9662,63.7888,0
57,SUCCESS,exec3,10,1,3.8625,67.6513,0
61,SUCCESS,exec3,10,1,5.8037,73.455,0
65,SUCCESS,exec3,10,1,2.9932,76.4482,0
69,SUCCESS,exec3,10,1,7.4797,83.9278,0
73,SUCCESS,exec3,10,1,3.5578,87.4857,0
77,SUCCESS,exec3,10,1,1.909,89.3947,0
81,SUCCESS,exec3,10,1,3.604,92.9987,0
85,SUCCESS,exec3,10,1,4.0203,97.019,0
89,SUCCESS,exec3,10,1,3.2115,100.2305,0
93,SUCCESS,exec3,10,1,3.4107,103.6412,0
97,SUCCESS,exec3,10,1,8.8425,112.4837,0
101,SUCCESS,exec3,10,1,5.441,117.9247,0
105,SUCCESS,exec3,10,1,6.5853,124.51,0
109,SUCCESS,exec3,10,1,1.787,126.297,0
113,SUCCESS,exec3,10,1,8.2302,134.5272,0
117,SUCCESS,exec3,10,1,3.128,137.6552,0
121,SUCCESS,exec3,10,1,7.2905,144.9457,0
125,SUCCESS,exec3,10,1,3.1655,148.1112,0
129,SUCCESS,exec3,10,1,6.5772,154.6883,0
133,SUCCESS,exec3,10,1,7.9865,162.6748,0
137,SUCCESS,exec3,10,1,7.6852,170.36,0
141,SUCCESS,exec3,10,1,2.0303,172.3903,0
145,SUCCESS,exec3,10,1,7.3827,179.773,0
149,SUCCESS,exec3,10,1,6.1787,185.9517,0
153,SUCCESS,exec3,10,1,1.4533,187.405,0
157,SUCCESS,exec3,10,1,5.8497,193.2547,0
161,SUCCESS,exec3,10,1,8.4843,201.739,0
165,SUCCESS,exec3,10,1,5.0217,206.7607,0
169,SUCCESS,exec3,10,1,4.2773,211.038,0
173,SUCCESS,exec3,10,1,5.5423,216.5803,0
177,SUCCESS,exec3,10,1,2.7807,219.361,0
181,SUCCESS,exec3,10,1,8.2147,227.5757,0
185,SUCCESS,exec3,10,1,4.8,232.3757,0
189,SUCCESS,exec3,10,1,9.37,241.7457,0
193,SUCCESS,exec3,10,1,8.384,250.1297,0
197,SUCCESS,exec3,10,1,4.817,254.9467,0
201,SUCCESS,exec3,10,1,7.533,262.4797,0
205,SUCCESS,exec3,10,1,1.117,263.5967,0
209,SUCCESS,exec3,10,1,8.166,271.7627,0
213,SUCCESS,exec3,10,1,9.453,281.2157,0
217,SUCCESS,exec3,10,1,9.191,290.4067,0
221,SUCCESS,exec3,10,1,7.68,298.0867,0
225,SUCCESS,exec3,10,1,8.825,306.9117,0
229,SUCCESS,exec3,10,1,8.19,315.1017,0
233,SUCCESS,exec3,10,1,5.337,320.4387,0
237,SUCCESS,exec3,10,1,2.512,322.9507,0
241,SUCCESS,exec3,10,1,8.451,331.4017,0
245,SUCCESS,exec3,10,1,4.453,335.8547,0
249,SUCCESS,exec3,10,1,8.412,344.2667,0
253,SUCCESS,exec3,10,1,2.425,346.6917,0
2,SUCCESS,exec3,10,2,4.4793,4.5793,0
6,SUCCESS,exec3,10,2,2.4827,7.062,0
10,SUCCESS,exec3,10,2,5.632,12.694,0
14,SUCCESS,exec3,10,2,3.3343,16.0283,0
18,SUCCESS,exec3,10,2,1.601,17.6293,0
22,SUCCESS,exec3,10,2,3.3253,20.9547,0
26,SUCCESS,exec3,10,2,2.2403,23.195,0
30,SUCCESS,exec3,10,2,4.0087,27.2037,0
34,SUCCESS,exec3,10,2,6.611,33.8147,0
38,SUCCESS,exec3,10,2,4.6877,38.5023,0
42,SUCCESS,exec3,10,2,4.3575,42.8598,0
46,SUCCESS,exec3,10,2,4.7083,47.5682,0
50,SUCCESS,exec3,10,2,2.4318,50,0
54,SUCCESS,exec3,10,2,4.086,54.086,0
58,SUCCESS,exec3,10,2,2.9927,57.0787,0
62,SUCCESS,exec3,10,2,0.704,57.7827,0
66,SUCCESS,exec3,10,2,3.2752,61.0578,0
70,SUCCESS,exec3,10,2,1.021,62.0788,0
74,SUCCESS,exec3,10,2,3.338,65.4168,0
78,SUCCESS,exec3,10,2,4.2112,69.628,0
82,SUCCESS,exec3,10,2,4.9817,74.6097,0
86,SUCCESS,exec3,10,2,3.0177,77.6273,0
90,SUCCESS,exec3,10,2,6.6318,84.2592,0
94,SUCCESS,exec3,10,2,4.2895,88.5487,0
98,SUCCESS,exec3,10,2,2.422,90.9707,0
102,SUCCESS,exec3,10,2,2.3073,93.278,0
106,SUCCESS,exec3,10,2,3.929,97.207,0
110,SUCCESS,exec3,10,2,4.3382,101.5452,0
114,SUCCESS,exec3,10,2,4.1445,105.6897,0
118,SUCCESS,exec3,10,2,1.0753,106.765,0
122,SUCCESS,exec3,10,2,2.9,109.665,0
126,SUCCESS,exec3,10,2,2.1377,111.8027,0
130,SUCCESS,exec3,10,2,6.232,118.0347,0
134,SUCCESS,exec3,10,2,4.7567,122.7913,0
138,SUCCESS,exec3,10,2,1.0977,123.889,0
142,SUCCESS,exec3,10,2,3.7013,127.5903,0
146,SUCCESS,exec3,10,2,3.2728,130.8632,0
150,SUCCESS,exec3,10,2,5.152,136.0152,0
154,SUCCESS,exec3,10,2,1.511,137.5262,0
158,SUCCESS,exec3,10,2,3.521,141.0472,0
162,SUCCESS,exec3,10,2,5.8555,146.9027,0
166,SUCCESS,exec3,10,2,2.8892,149.7918,0
170,SUCCESS,exec3,10,2,5.9802,155.772,0
174,SUCCESS,exec3,10,2,6.2808,162.0528,0
178,SUCCESS,exec3,10,2,2.6613,164.7142,0
182,SUCCESS,exec3,10,2,1.7493,166.4635,0
186,SUCCESS,exec3,10,2,4.0065,170.47,0
190,SUCCESS,exec3,10,2,1.2693,171.7393,0
194,SUCCESS,exec3,10,2,1.1057,172.845,0
198,SUCCESS,exec3,10,2,2.13,174.975,0
202,SUCCESS,exec3,10,2,5.9433,180.9183,0
206,SUCCESS,exec3,10,2,3.9393,184.8577,0
210,SUCCESS,exec3,10,2,2.2533,187.111,0
214,SUCCESS,exec3,10,2,4.3267,191.4377,0
218,SUCCESS,exec3,10,2,2.063,193.5007,0
222,SUCCESS,exec3,10,2,3.0367,196.5373,0
226,SUCCESS,exec3,10,2,2.2173,198.7547,0
230,SUCCESS,exec3,10,2,1.2873,200.042,0
234,SUCCESS,exec3,10,2,1.9503,201.9923,0
238,SUCCESS,exec3,10,2,1.6533,203.6457,0
242,SUCCESS,exec3,10,2,5.1943,208.84,0
246,SUCCESS,exec3,10,2,6.4733,215.3133,0
250,SUCCESS,exec3,10,2,3.9377,219.251,0
254,SUCCESS,exec3,10,2,4.4367,223.6877,0
3,SUCCESS,exec3,10,3,1.7515,1.8515,0
7,SUCCESS,exec3,10,3,1.778,3.6295,0
11,SUCCESS,exec3,10,3,3.9825,7.612,0
15,SUCCESS,exec3,10,3,4.036,11.648,0
19,SUCCESS,exec3,10,3,1.719,13.367,0
23,SUCCESS,exec3,10,3,1.51,14.877,0
27,SUCCESS,exec3,10,3,2.5823,17.4593,0
31,SUCCESS,exec3,10,3,3.8723,21.3317,0
35,SUCCESS,exec3,10,3,0.85,22.1817,0
39,SUCCESS,exec3,10,3,3.0613,25.243,0
43,SUCCESS,exec3,10,3,4.5837,29.8267,0
47,SUCCESS,exec3,10,3,3.568,33.3947,0
51,SUCCESS,exec3,10,3,2.554,35.9487,0
55,SUCCESS,exec3,10,3,2.8682,38.8168,0
59,SUCCESS,exec3,10,3,1.391,40.2078,0
63,SUCCESS,exec3,10,3,2.762,42.9698,0
67,SUCCESS,exec3,10,3,4.7083,47.6782,0
71,SUCCESS,exec3,10,3,0.917,48.5952,0
75,SUCCESS,exec3,10,3,0.6835,49.2787,0
79,SUCCESS,exec3,10,3,2.6238,51.9025,0
83,SUCCESS,exec3,10,3,1.5925,53.495,0
87,SUCCESS,exec3,10,3,4.8377,58.3327,0
91,SUCCESS,exec3,10,3,2.1165,60.4492,0
95,SUCCESS,exec3,10,3,1.5197,61.9688,0
99,SUCCESS,exec3,10,3,4.731,66.6998,0
103,SUCCESS,exec3,10,3,0.8385,67.5383,0
107,SUCCESS,exec3,10,3,3.8652,71.4035,0
111,SUCCESS,exec3,10,3,1.1115,72.515,0
115,SUCCESS,exec3,10,3,3.1572,75.6722,0
119,SUCCESS,exec3,10,3,1.2325,76.9047,0
123,SUCCESS,exec3,10,3,4.6787,81.5833,0
127,SUCCESS,exec3,10,3,1.7835,83.3668,0
131,SUCCESS,exec3,10,3,1.9238,85.2907,0
135,SUCCESS,exec3,10,3,2.424,87.7147,0
139,SUCCESS,exec3,10,3,1.062,88.7767,0
143,SUCCESS,exec3,10,3,4.6113,93.388,0
147,SUCCESS,exec3,10,3,2.223,95.611,0
151,SUCCESS,exec3,10,3,2.9835,98.5945,0
155,SUCCESS,exec3,10,3,1.526,100.1205,0
159,SUCCESS,exec3,10,3,4.0952,104.2157,0
163,SUCCESS,exec3,10,3,1.044,105.2597,0
167,SUCCESS,exec3,10,3,4.5153,109.775,0
171,SUCCESS,exec3,10,3,1.381,111.156,0
175,SUCCESS,exec3,10,3,2.6517,113.8077,0
179,SUCCESS,exec3,10,3,3.417,117.2247,0
183,SUCCESS,exec3,10,3,4.948,122.1727,0
187,SUCCESS,exec3,10,3,1.0757,123.2483,0
191,SUCCESS,exec3,10,3,2.5677,125.816,0
195,SUCCESS,exec3,10,3,4.1038,129.9198,0
199,SUCCESS,exec3,10,3,1.2378,131.1577,0
203,SUCCESS,exec3,10,3,1.0125,132.1702,0
207,SUCCESS,exec3,10,3,4.906,137.0762,0
211,SUCCESS,exec3,10,3,3.861,140.9372,0
215,SUCCESS,exec3,10,3,1.5995,142.5367,0
219,SUCCESS,exec3,10,3,3.558,146.0947,0
223,SUCCESS,exec3,10,3,0.9455,147.0402,0
227,SUCCESS,exec3,10,3,3.9002,150.9403,0
231,SUCCESS,exec3,10,3,3.064,154.0043,0
235,SUCCESS,exec3,10,3,1.025,155.0293,0
239,SUCCESS,exec3,10,3,0.8527,155.882,0
243,SUCCESS,exec3,10,3,1.188,157.07,0
247,SUCCESS,exec3,10,3,3.1975,160.2675,0
251,SUCCESS,exec3,10,3,2.9173,163.1848,0
255,SUCCESS,exec3,10,3,3.9252,167.11,0
