0,SUCCESS,exec0,10,0,13.1312,13.2312,0
4,SUCCESS,exec0,10,0,18.6915,31.9227,0
8,SUCCESS,exec0,10,0,13.5413,45.464,0
12,SUCCESS,exec0,10,0,5.4908,50.9548,0
16,SUCCESS,exec0,10,0,13.9853,64.9402,0
20,SUCCESS,exec0,10,0,10.6782,75.6183,0
24,SUCCESS,exec0,10,0,11.273,86.8913,0
28,SUCCESS,exec0,10,0,13.5855,100.4768,0
32,SUCCESS,exec0,10,0,5.5343,106.0112,0
36,SUCCESS,exec0,10,0,16.993,123.0042,0
40,SUCCESS,exec0,10,0,13.1043,136.1085,0
44,SUCCESS,exec0,10,0,11.3605,147.469,0
48,SUCCESS,exec0,10,0,4.2015,151.6705,0
52,SUCCESS,exec0,10,0,4.623,156.2935,0
56,SUCCESS,exec0,10,0,12.1565,168.45,0
60,SUCCESS,exec0,10,0,4.9057,173.3557,0
64,SUCCESS,exec0,10,0,16.624,189.9797,0
68,SUCCESS,exec0,10,0,6.7237,196.7033,0
72,SUCCESS,exec0,10,0,9.359,206.0623,0
76,SUCCESS,exec0,10,0,19.4223,225.4847,0
80,SUCCESS,exec0,10,0,13.936,239.4207,0
84,SUCCESS,exec0,10,0,4.882,244.3027,0
88,SUCCESS,exec0,10,0,6.521,250.8237,0
92,SUCCESS,exec0,10,0,15.053,265.8767,0
96,SUCCESS,exec0,10,0,12.88,278.7567,0
100,SUCCESS,exec0,10,0,19.731,298.4877,0
104,SUCCESS,exec0,10,0,3.804,302.2917,0
108,SUCCESS,exec0,10,0,10.761,313.0527,0
112,SUCCESS,exec0,10,0,10.637,323.6897,0
116,SUCCESS,exec0,10,0,17.846,341.5357,0
120,SUCCESS,exec0,10,0,5.788,347.3237,0
124,SUCCESS,exec0,10,0,4.164,351.4877,0
128,SUCCESS,exec0,10,0,16.24,367.7277,0
132,SUCCESS,exec0,10,0,8.956,376.6837,0
136,SUCCESS,exec0,10,0,8.962,385.6457,0
140,SUCCESS,exec0,10,0,6.372,392.0177,0
144,SUCCESS,exec0,10,0,15.988,408.0057,0
148,SUCCESS,exec0,10,0,6.618,414.6237,0
152,SUCCESS,exec0,10,0,3.872,418.4957,0
156,SUCCESS,exec0,10,0,17.9,436.3957,0
160,SUCCESS,exec0,10,0,10.31,446.7057,0
164,SUCCESS,exec0,10,0,13.844,460.5497,0
168,SUCCESS,exec0,10,0,4.47,465.0197,0
172,SUCCESS,exec0,10,0,12.496,477.5157,0
176,SUCCESS,exec0,10,0,2.5,480.0157,0
180,SUCCESS,exec0,10,0,13.264,493.2797,0
184,SUCCESS,exec0,10,0,17.166,510.4457,0
188,SUCCESS,exec0,10,0,5.87,516.3157,0
192,SUCCESS,exec0,10,0,3.318,519.6337,0
196,SUCCESS,exec0,10,0,5.392,525.0257,0
200,SUCCESS,exec0,10,0,19.918,544.9437,0
204,SUCCESS,exec0,10,0,4.962,549.9057,0
208,SUCCESS,exec0,10,0,8.954,558.8597,0
212,SUCCESS,exec0,10,0,12.59,571.4497,0
216,SUCCESS,exec0,10,0,14.148,585.5977,0
220,SUCCESS,exec0,10,0,5.366,590.9637,0
224,SUCCESS,exec0,10,0,5.76,596.7237,0
228,SUCCESS,exec0,10,0,16.344,613.0677,0
232,SUCCESS,exec0,10,0,4.312,617.3797,0
236,SUCCESS,exec0,10,0,18.27,635.6497,0
240,SUCCESS,exec0,10,0,6.156,641.8057,0
244,SUCCESS,exec0,10,0,9.706,651.5117,0
248,SUCCESS,exec0,10,0,9.04,660.5517,0
252,SUCCESS,exec0,10,0,11.316,671.8677,0
1,SUCCESS,exec0,10,1,4.1865,4.2865,0
5,SUCCESS,exec0,10,1,6.2008,10.4873,0
9,SUCCESS,exec0,10,1,8.575,19.0623,0
13,SUCCESS,exec0,10,1,3.487,22.5493,0
17,SUCCESS,exec0,10,1,8.9693,31.5187,0
21,SUCCESS,exec0,10,1,9.3325,40.8512,0
25,SUCCESS,exec0,10,1,3.7728,44.624,0
29,SUCCESS,exec0,10,1,8.6318,53.2558,0
33,SUCCESS,exec0,10,1,4.0593,57.3152,0
37,SUCCESS,exec0,10,1,2.2655,59.5807,0
41,SUCCESS,exec0,10,1,2.0345,61.6152,0
45,SUCCESS,exec0,10,1,4.236,65.8512,0
49,SUCCESS,exec0,10,1,3.6962,69.5473,0
53,SUCCESS,exec0,10,1,2.204,71.7513,0
57,SUCCESS,exec0,10,1,8.8848,80.6362,0
61,SUCCESS,exec0,10,1,5.8432,86.4793,0
65,SUCCESS,exec0,10,1,2.4385,88.9178,0
69,SUCCESS,exec0,10,1,1.322,90.2398,0
73,SUCCESS,exec0,10,1,2.4653,92.7052,0
77,SUCCESS,exec0,10,1,2.4625,95.1677,0
81,SUCCESS,exec0,10,1,6.1262,101.2938,0
85,SUCCESS,exec0,10,1,3.5833,104.8772,0
89,SUCCESS,exec0,10,1,6.2493,111.1265,0
93,SUCCESS,exec0,10,1,7.8917,119.0182,0
97,SUCCESS,exec0,10,1,5.461,124.4792,0
101,SUCCESS,exec0,10,1,2.1237,126.6028,0
105,SUCCESS,exec0,10,1,8.8662,135.469,0
109,SUCCESS,exec0,10,1,4.925,140.394,0
113,SUCCESS,exec0,10,1,2.2977,142.6917,0
117,SUCCESS,exec0,10,1,2.4923,145.184,0
121,SUCCESS,exec0,10,1,7.5755,152.7595,0
125,SUCCESS,exec0,10,1,2.0725,154.832,0
129,SUCCESS,exec0,10,1,8.7033,163.5353,0
133,SUCCESS,exec0,10,1,6.7557,170.291,0
137,SUCCESS,exec0,10,1,3.2257,173.5167,0
141,SUCCESS,exec0,10,1,4.4427,177.9593,0
145,SUCCESS,exec0,10,1,2.8213,180.7807,0
149,SUCCESS,exec0,10,1,5.7737,186.5543,0
153,SUCCESS,exec0,10,1,8.375,194.9293,0
157,SUCCESS,exec0,10,1,3.9877,198.917,0
161,SUCCESS,exec0,10,1,8.2663,207.1833,0
165,SUCCESS,exec0,10,1,3.5263,210.7097,0
169,SUCCESS,exec0,10,1,8.3297,219.0393,0
173,SUCCESS,exec0,10,1,3.7913,222.8307,0
177,SUCCESS,exec0,10,1,4.276,227.1067,0
181,SUCCESS,exec0,10,1,4.155,231.2617,0
185,SUCCESS,exec0,10,1,2.374,233.6357,0
189,SUCCESS,exec0,10,1,2.37,236.0057,0
193,SUCCESS,exec0,10,1,1.347,237.3527,0
197,SUCCESS,exec0,10,1,7.845,245.1977,0
201,SUCCESS,exec0,10,1,8.04,253.2377,0
205,SUCCESS,exec0,10,1,4.213,257.4507,0
209,SUCCESS,exec0,10,1,3.294,260.7447,0
213,SUCCESS,exec0,10,1,5.242,265.9867,0
217,SUCCESS,exec0,10,1,3.872,269.8587,0
221,SUCCESS,exec0,10,1,9.22,279.0787,0
225,SUCCESS,exec0,10,1,6.824,285.9027,0
229,SUCCESS,exec0,10,1,6.807,292.7097,0
233,SUCCESS,exec0,10,1,4.974,297.6837,0
237,SUCCESS,exec0,10,1,5.561,303.2447,0
241,SUCCESS,exec0,10,1,1.568,304.8127,0
245,SUCCESS,exec0,10,1,4.655,309.4677,0
249,SUCCESS,exec0,10,1,3.151,312.6187,0
253,SUCCESS,exec0,10,1,2.861,315.4797,0
2,SUCCESS,exec0,10,2,3.3245,3.4245,0
6,SUCCESS,exec0,10,2,1.9393,5.3638,0
10,SUCCESS,exec0,10,2,1.2885,6.6523,0
14,SUCCESS,exec0,10,2,5.5848,12.2372,0
18,SUCCESS,exec0,10,2,4.1482,16.3853,0
22,SUCCESS,exec0,10,2,1.438,17.8233,0
26,SUCCESS,exec0,10,2,4.287,22.1103,0
30,SUCCESS,exec0,10,2,1.2723,23.3827,0
34,SUCCESS,exec0,10,2,4.0243,27.407,0
38,SUCCESS,exec0,10,2,3.5967,31.0037,0
42,SUCCESS,exec0,10,2,5.9757,36.9793,0
46,SUCCESS,exec0,10,2,1.9408,38.9202,0
50,SUCCESS,exec0,10,2,2.6343,41.5545,0
54,SUCCESS,exec0,10,2,5.9308,47.4853,0
58,SUCCESS,exec0,10,2,5.9872,53.4725,0
62,SUCCESS,exec0,10,2,2.8587,56.3312,0
66,SUCCESS,exec0,10,2,5.562,61.8932,0
70,SUCCESS,exec0,10,2,6.2222,68.1153,0
74,SUCCESS,exec0,10,2,5.1943,73.3097,0
78,SUCCESS,exec0,10,2,2.0427,75.3523,0
82,SUCCESS,exec0,10,2,1.3413,76.6937,0
86,SUCCESS,exec0,10,2,6.4692,83.1628,0
90,SUCCESS,exec0,10,2,2.9405,86.1033,0
94,SUCCESS,exec0,10,2,6.4078,92.5112,0
98,SUCCESS,exec0,10,2,5.6817,98.1928,0
102,SUCCESS,exec0,10,2,1.674,99.8668,0
106,SUCCESS,exec0,10,2,4.3723,104.2392,0
110,SUCCESS,exec0,10,2,2.6933,106.9325,0
114,SUCCESS,exec0,10,2,4.084,111.0165,0
118,SUCCESS,exec0,10,2,1.414,112.4305,0
122,SUCCESS,exec0,10,2,5.8332,118.2637,0
126,SUCCESS,exec0,10,2,4.3685,122.6322,0
130,SUCCESS,exec0,10,2,2.9317,125.5638,0
134,SUCCESS,exec0,10,2,4.1002,129.664,0
138,SUCCESS,exec0,10,2,2.798,132.462,0
142,SUCCESS,exec0,10,2,3.2545,135.7165,0
146,SUCCESS,exec0,10,2,4.5675,140.284,0
150,SUCCESS,exec0,10,2,0.7633,141.0473,0
154,SUCCESS,exec0,10,2,1.4293,142.4767,0
158,SUCCESS,exec0,10,2,1.9183,144.395,0
162,SUCCESS,exec0,10,2,3.892,148.287,0
166,SUCCESS,exec0,10,2,3.6795,151.9665,0
170,SUCCESS,exec0,10,2,2.9755,154.942,0
174,SUCCESS,exec0,10,2,5.9848,160.9268,0
178,SUCCESS,exec0,10,2,4.0432,164.97,0
182,SUCCESS,exec0,10,2,5.9337,170.9037,0
186,SUCCESS,exec0,10,2,4.0817,174.9853,0
190,SUCCESS,exec0,10,2,3.2413,178.2267,0
194,SUCCESS,exec0,10,2,5.0107,183.2373,0
198,SUCCESS,exec0,10,2,6.0723,189.3097,0
202,SUCCESS,exec0,10,2,1.8527,191.1623,0
206,SUCCESS,exec0,10,2,3.652,194.8143,0
210,SUCCESS,exec0,10,2,3.2417,198.056,0
214,SUCCESS,exec0,10,2,1.5703,199.6263,0
218,SUCCESS,exec0,10,2,3.842,203.4683,0
222,SUCCESS,exec0,10,2,2.484,205.9523,0
226,SUCCESS,exec0,10,2,1.753,207.7053,0
230,SUCCESS,exec0,10,2,1.672,209.3773,0
234,SUCCESS,exec0,10,2,1.1493,210.5267,0
238,SUCCESS,exec0,10,2,3.3177,213.8443,0
242,SUCCESS,exec0,10,2,5.711,219.5553,0
246,SUCCESS,exec0,10,2,3.1653,222.7207,0
250,SUCCESS,exec0,10,2,4.132,226.8527,0
254,SUCCESS,exec0,10,2,3.236,230.0887,0
3,SUCCESS,exec0,10,3,3.2145,3.3145,0
7,SUCCESS,exec0,10,3,2.6758,5.9903,0
11,SUCCESS,exec0,10,3,1.936,7.9263,0
15,SUCCESS,exec0,10,3,1.58,9.5063,0
19,SUCCESS,exec0,10,3,1.7835,11.2898,0
23,SUCCESS,exec0,10,3,4.6828,15.9727,0
27,SUCCESS,exec0,10,3,3.3157,19.2883,0
31,SUCCESS,exec0,10,3,4.5453,23.8337,0
35,SUCCESS,exec0,10,3,2.626,26.4597,0
39,SUCCESS,exec0,10,3,4.3153,30.775,0
43,SUCCESS,exec0,10,3,1.3767,32.1517,0
47,SUCCESS,exec0,10,3,1.5395,33.6912,0
51,SUCCESS,exec0,10,3,2.5855,36.2767,0
55,SUCCESS,exec0,10,3,0.8127,37.0893,0
59,SUCCESS,exec0,10,3,1.2395,38.3288,0
63,SUCCESS,exec0,10,3,0.7313,39.0602,0
67,SUCCESS,exec0,10,3,4.4358,43.496,0
71,SUCCESS,exec0,10,3,4.8888,48.3848,0
75,SUCCESS,exec0,10,3,3.663,52.0478,0
79,SUCCESS,exec0,10,3,2.2387,54.2865,0
83,SUCCESS,exec0,10,3,3.9082,58.1947,0
87,SUCCESS,exec0,10,3,2.3255,60.5202,0
91,SUCCESS,exec0,10,3,3.3,63.8202,0
95,SUCCESS,exec0,10,3,3.7505,67.5707,0
99,SUCCESS,exec0,10,3,1.1557,68.7263,0
103,SUCCESS,exec0,10,3,1.423,70.1493,0
107,SUCCESS,exec0,10,3,2.663,72.8123,0
111,SUCCESS,exec0,10,3,0.8433,73.6557,0
115,SUCCESS,exec0,10,3,4.5505,78.2062,0
119,SUCCESS,exec0,10,3,4.032,82.2382,0
123,SUCCESS,exec0,10,3,2.2757,84.5138,0
127,SUCCESS,exec0,10,3,1.3395,85.8533,0
131,SUCCESS,exec0,10,3,1.8695,87.7228,0
135,SUCCESS,exec0,10,3,3.017,90.7398,0
139,SUCCESS,exec0,10,3,2.7018,93.4417,0
143,SUCCESS,exec0,10,3,3.0985,96.5402,0
147,SUCCESS,exec0,10,3,4.8637,101.4038,0
151,SUCCESS,exec0,10,3,0.942,102.3458,0
155,SUCCESS,exec0,10,3,2.0033,104.3492,0
159,SUCCESS,exec0,10,3,0.638,104.9872,0
163,SUCCESS,exec0,10,3,2.7653,107.7525,0
167,SUCCESS,exec0,10,3,4.788,112.5405,0
171,SUCCESS,exec0,10,3,4.2305,116.771,0
175,SUCCESS,exec0,10,3,2.1372,118.9082,0
179,SUCCESS,exec0,10,3,3.834,122.7422,0
183,SUCCESS,exec0,10,3,3.9707,126.7128,0
187,SUCCESS,exec0,10,3,0.7885,127.5013,0
191,SUCCESS,exec0,10,3,3.9467,131.448,0
195,SUCCESS,exec0,10,3,4.1325,135.5805,0
199,SUCCESS,exec0,10,3,2.0095,137.59,0
203,SUCCESS,exec0,10,3,1.948,139.538,0
207,SUCCESS,exec0,10,3,3.2637,142.8017,0
211,SUCCESS,exec0,10,3,1.7033,144.505,0
215,SUCCESS,exec0,10,3,2.79,147.295,0
219,SUCCESS,exec0,10,3,2.1145,149.4095,0
223,SUCCESS,exec0,10,3,1.953,151.3625,0
227,SUCCESS,exec0,10,3,0.714,152.0765,0
231,SUCCESS,exec0,10,3,1.4425,153.519,0
235,SUCCESS,exec0,10,3,2.6645,156.1835,0
239,SUCCESS,exec0,10,3,3.944,160.1275,0
243,SUCCESS,exec0,10,3,2.0873,162.2148,0
247,SUCCESS,exec0,10,3,0.9335,163.1483,0
251,SUCCESS,exec0,10,3,3.1802,166.3285,0
255,SUCCESS,exec0,10,3,1.3895,167.718,0
