0,SUCCESS,exec7,10,0,14.7043,14.8043,0
4,SUCCESS,exec7,10,0,12.055,26.8593,0
8,SUCCESS,exec7,10,0,7.9103,34.7697,0
12,SUCCESS,exec7,10,0,4.4743,39.244,0
16,SUCCESS,exec7,10,0,7.735,46.979,0
20,SUCCESS,exec7,10,0,7.352,54.331,0
24,SUCCESS,exec7,10,0,9.248,63.579,0
28,SUCCESS,exec7,10,0,5.2008,68.7798,0
32,SUCCESS,exec7,10,0,12.1083,80.8882,0
36,SUCCESS,exec7,10,0,6.1133,87.0015,0
40,SUCCESS,exec7,10,0,15.4515,102.453,0
44,SUCCESS,exec7,10,0,11.496,113.949,0
48,SUCCESS,exec7,10,0,8.4087,122.3577,0
52,SUCCESS,exec7,10,0,14.551,136.9087,0
56,SUCCESS,exec7,10,0,15.232,152.1407,0
60,SUCCESS,exec7,10,0,6.286,158.4267,0
64,SUCCESS,exec7,10,0,8.398,166.8247,0
68,SUCCESS,exec7,10,0,16.884,183.7087,0
72,SUCCESS,exec7,10,0,14.279,197.9877,0
76,SUCCESS,exec7,10,0,9.858,207.8457,0
80,SUCCESS,exec7,10,0,8.478,216.3237,0
84,SUCCESS,exec7,10,0,8.408,224.7317,0
88,SUCCESS,exec7,10,0,9.946,234.6777,0
92,SUCCESS,exec7,10,0,13.674,248.3517,0
96,SUCCESS,exec7,10,0,3.068,251.4197,0
100,SUCCESS,exec7,10,0,6.834,258.2537,0
104,SUCCESS,exec7,10,0,12.624,270.8777,0
108,SUCCESS,exec7,10,0,13.506,284.3837,0
112,SUCCESS,exec7,10,0,6.476,290.8597,0
116,SUCCESS,exec7,10,0,17.888,308.7477,0
120,SUCCESS,exec7,10,0,3.806,312.5537,0
124,SUCCESS,exec7,10,0,5.334,317.8877,0
1,SUCCESS,exec7,10,1,8.29,8.39,0
5,SUCCESS,exec7,10,1,7.8863,16.2763,0
9,SUCCESS,exec7,10,1,1.7005,17.9768,0
13,SUCCESS,exec7,10,1,3.5632,21.54,0
17,SUCCESS,exec7,10,1,3.0603,24.6003,0
21,SUCCESS,exec7,10,1,6.2183,30.8187,0
25,SUCCESS,exec7,10,1,4.4,35.2187,0
29,SUCCESS,exec7,10,1,5.8263,41.045,0
33,SUCCESS,exec7,10,1,9.4677,50.5127,0
37,SUCCESS,exec7,10,1,5.2773,55.79,0
41,SUCCESS,exec7,10,1,2.0543,57.8443,0
45,SUCCESS,exec7,10,1,2.476,60.3203,0
49,SUCCESS,exec7,10,1,6.6267,66.947,0
53,SUCCESS,exec7,10,1,7.802,74.749,0
57,SUCCESS,exec7,10,1,6.0292,80.7782,0
61,SUCCESS,exec7,10,1,9.327,90.1052,0
65,SUCCESS,exec7,10,1,9.7045,99.8097,0
69,SUCCESS,exec7,10,1,6.8777,106.6873,0
73,SUCCESS,exec7,10,1,4.941,111.6283,0
77,SUCCESS,exec7,10,1,9.8913,121.5197,0
81,SUCCESS,exec7,10,1,5.672,127.1917,0
85,SUCCESS,exec7,10,1,5.073,132.2647,0
89,SUCCESS,exec7,10,1,6.069,138.3337,0
93,SUCCESS,exec7,10,1,4.445,142.7787,0
97,SUCCESS,exec7,10,1,3.765,146.5437,0
101,SUCCESS,exec7,10,1,1.567,148.1107,0
105,SUCCESS,exec7,10,1,5.644,153.7547,0
109,SUCCESS,exec7,10,1,9.422,163.1767,0
113,SUCCESS,exec7,10,1,5.116,168.2927,0
117,SUCCESS,exec7,10,1,2.945,171.2377,0
121,SUCCESS,exec7,10,1,7.881,179.1187,0
125,SUCCESS,exec7,10,1,4.859,183.9777,0
2,SUCCESS,exec7,10,2,5.589,5.689,0
6,SUCCESS,exec7,10,2,6.5448,12.2338,0
10,SUCCESS,exec7,10,2,1.472,13.7058,0
14,SUCCESS,exec7,10,2,5.5277,19.2335,0
18,SUCCESS,exec7,10,2,4.9918,24.2253,0
22,SUCCESS,exec7,10,2,4.094,28.3193,0
26,SUCCESS,exec7,10,2,1.2433,29.5627,0
30,SUCCESS,exec7,10,2,1.743,31.3057,0
34,SUCCESS,exec7,10,2,4.4003,35.706,0
38,SUCCESS,exec7,10,2,4.075,39.781,0
42,SUCCESS,exec7,10,2,3.213,42.994,0
46,SUCCESS,exec7,10,2,4.845,47.839,0
50,SUCCESS,exec7,10,2,1.072,48.911,0
54,SUCCESS,exec7,10,2,0.7907,49.7017,0
58,SUCCESS,exec7,10,2,2.5823,52.284,0
62,SUCCESS,exec7,10,2,4.7493,57.0333,0
66,SUCCESS,exec7,10,2,3.873,60.9063,0
70,SUCCESS,exec7,10,2,0.9167,61.823,0
74,SUCCESS,exec7,10,2,3.572,65.395,0
78,SUCCESS,exec7,10,2,2.1053,67.5003,0
82,SUCCESS,exec7,10,2,4.0902,71.5905,0
86,SUCCESS,exec7,10,2,4.2598,75.8503,0
90,SUCCESS,exec7,10,2,3.4908,79.3412,0
94,SUCCESS,exec7,10,2,2.2903,81.6315,0
98,SUCCESS,exec7,10,2,6.3692,88.0007,0
102,SUCCESS,exec7,10,2,4.7695,92.7702,0
106,SUCCESS,exec7,10,2,3.4205,96.1907,0
110,SUCCESS,exec7,10,2,5.5603,101.751,0
114,SUCCESS,exec7,10,2,2.6173,104.3683,0
118,SUCCESS,exec7,10,2,5.697,110.0653,0
122,SUCCESS,exec7,10,2,3.1437,113.209,0
126,SUCCESS,exec7,10,2,0.8507,114.0597,0
3,SUCCESS,exec7,10,3,3.354,3.454,0
7,SUCCESS,exec7,10,3,0.7715,4.2255,0
11,SUCCESS,exec7,10,3,1.1835,5.409,0
15,SUCCESS,exec7,10,3,2.643,8.052,0
19,SUCCESS,exec7,10,3,3.6265,11.6785,0
23,SUCCESS,exec7,10,3,2.8158,14.4943,0
27,SUCCESS,exec7,10,3,2.1925,16.6868,0
31,SUCCESS,exec7,10,3,3.5192,20.206,0
35,SUCCESS,exec7,10,3,4.6218,24.8278,0
39,SUCCESS,exec7,10,3,1.5895,26.4173,0
43,SUCCESS,exec7,10,3,4.7223,31.1397,0
47,SUCCESS,exec7,10,3,4.9243,36.064,0
51,SUCCESS,exec7,10,3,3.541,39.605,0
55,SUCCESS,exec7,10,3,3.279,42.884,0
59,SUCCESS,exec7,10,3,2.857,45.741,0
63,SUCCESS,exec7,10,3,3.28,49.021,0
67,SUCCESS,exec7,10,3,4.28,53.301,0
71,SUCCESS,exec7,10,3,2.599,55.9,0
75,SUCCESS,exec7,10,3,4.8963,60.7963,0
79,SUCCESS,exec7,10,3,2.8927,63.689,0
83,SUCCESS,exec7,10,3,4.9808,68.6698,0
87,SUCCESS,exec7,10,3,3.8412,72.511,0
91,SUCCESS,exec7,10,3,4.4748,76.9858,0
95,SUCCESS,exec7,10,3,1.242,78.2278,0
99,SUCCESS,exec7,10,3,4.9467,83.1745,0
103,SUCCESS,exec7,10,3,1.869,85.0435,0
107,SUCCESS,exec7,10,3,2.4065,87.45,0
111,SUCCESS,exec7,10,3,1.6612,89.1112,0
115,SUCCESS,exec7,10,3,2.751,91.8622,0
119,SUCCESS,exec7,10,3,1.427,93.2892,0
123,SUCCESS,exec7,10,3,1.9615,95.2507,0
127,SUCCESS,exec7,10,3,1.703,96.9537,0
