0,SUCCESS,exec1,10,0,7.1845,7.2845,0
4,SUCCESS,exec1,10,0,3.434,10.7185,0
8,SUCCESS,exec1,10,0,5.4228,16.1413,0
12,SUCCESS,exec1,10,0,19.3852,35.5265,0
16,SUCCESS,exec1,10,0,18.8302,54.3567,0
20,SUCCESS,exec1,10,0,15.7798,70.1365,0
24,SUCCESS,exec1,10,0,14.0297,84.1662,0
28,SUCCESS,exec1,10,0,12.5092,96.6753,0
32,SUCCESS,exec1,10,0,17.0027,113.678,0
36,SUCCESS,exec1,10,0,10.312,123.99,0
40,SUCCESS,exec1,10,0,18.817,142.807,0
44,SUCCESS,exec1,10,0,6.303,149.11,0
48,SUCCESS,exec1,10,0,4.356,153.466,0
52,SUCCESS,exec1,10,0,16.552,170.018,0
56,SUCCESS,exec1,10,0,17.902,187.92,0
60,SUCCESS,exec1,10,0,4.672,192.592,0
64,SUCCESS,exec1,10,0,7.514,200.106,0
68,SUCCESS,exec1,10,0,18.138,218.244,0
72,SUCCESS,exec1,10,0,2.976,221.22,0
76,SUCCESS,exec1,10,0,16.028,237.248,0
80,SUCCESS,exec1,10,0,18.416,255.664,0
84,SUCCESS,exec1,10,0,18.45,274.114,0
88,SUCCESS,exec1,10,0,6.6,280.714,0
92,SUCCESS,exec1,10,0,4.56,285.274,0
96,SUCCESS,exec1,10,0,4.774,290.048,0
100,SUCCESS,exec1,10,0,19.842,309.89,0
104,SUCCESS,exec1,10,0,17.468,327.358,0
108,SUCCESS,exec1,10,0,10.556,337.914,0
112,SUCCESS,exec1,10,0,12.566,350.48,0
116,SUCCESS,exec1,10,0,16.052,366.532,0
120,SUCCESS,exec1,10,0,13.944,380.476,0
124,SUCCESS,exec1,10,0,6.438,386.914,0
1,SUCCESS,exec1,10,1,2.161,2.261,0
5,SUCCESS,exec1,10,1,5.5315,7.7925,0
9,SUCCESS,exec1,10,1,8.0668,15.8593,0
13,SUCCESS,exec1,10,1,5.9105,21.7698,0
17,SUCCESS,exec1,10,1,4.248,26.0178,0
21,SUCCESS,exec1,10,1,2.4687,28.4865,0
25,SUCCESS,exec1,10,1,6.44,34.9265,0
29,SUCCESS,exec1,10,1,4.308,39.2345,0
33,SUCCESS,exec1,10,1,6.0293,45.2638,0
37,SUCCESS,exec1,10,1,3.4758,48.7397,0
41,SUCCESS,exec1,10,1,1.8345,50.5742,0
45,SUCCESS,exec1,10,1,4.6225,55.1967,0
49,SUCCESS,exec1,10,1,7.549,62.7457,0
53,SUCCESS,exec1,10,1,3.1333,65.879,0
57,SUCCESS,exec1,10,1,1.327,67.206,0
61,SUCCESS,exec1,10,1,6.3188,73.5248,0
65,SUCCESS,exec1,10,1,7.5637,81.0885,0
69,SUCCESS,exec1,10,1,1.8227,82.9112,0
73,SUCCESS,exec1,10,1,1.145,84.0562,0
77,SUCCESS,exec1,10,1,3.2147,87.2708,0
81,SUCCESS,exec1,10,1,7.5132,94.784,0
85,SUCCESS,exec1,10,1,9.6293,104.4133,0
89,SUCCESS,exec1,10,1,3.6297,108.043,0
93,SUCCESS,exec1,10,1,4.933,112.976,0
97,SUCCESS,exec1,10,1,8.911,121.887,0
101,SUCCESS,exec1,10,1,1.009,122.896,0
105,SUCCESS,exec1,10,1,4.9,127.796,0
109,SUCCESS,exec1,10,1,4.402,132.198,0
113,SUCCESS,exec1,10,1,5.58,137.778,0
117,SUCCESS,exec1,10,1,1.921,139.699,0
121,SUCCESS,exec1,10,1,3.313,143.012,0
125,SUCCESS,exec1,10,1,1.474,144.486,0
2,SUCCESS,exec1,10,2,3.7753,3.8753,0
6,SUCCESS,exec1,10,2,3.2552,7.1305,0
10,SUCCESS,exec1,10,2,5.6913,12.8218,0
14,SUCCESS,exec1,10,2,2.3775,15.1993,0
18,SUCCESS,exec1,10,2,2.1753,17.3747,0
22,SUCCESS,exec1,10,2,1.9287,19.3033,0
26,SUCCESS,exec1,10,2,2.5765,21.8798,0
30,SUCCESS,exec1,10,2,4.4127,26.2925,0
34,SUCCESS,exec1,10,2,2.304,28.5965,0
38,SUCCESS,exec1,10,2,2.856,31.4525,0
42,SUCCESS,exec1,10,2,2.3,33.7525,0
46,SUCCESS,exec1,10,2,4.482,38.2345,0
50,SUCCESS,exec1,10,2,2.2815,40.516,0
54,SUCCESS,exec1,10,2,1.8793,42.3953,0
58,SUCCESS,exec1,10,2,3.5873,45.9827,0
62,SUCCESS,exec1,10,2,3.0535,49.0362,0
66,SUCCESS,exec1,10,2,3.9865,53.0227,0
70,SUCCESS,exec1,10,2,5.2188,58.2415,0
74,SUCCESS,exec1,10,2,2.3387,60.5802,0
78,SUCCESS,exec1,10,2,2.3508,62.931,0
82,SUCCESS,exec1,10,2,3.753,66.684,0
86,SUCCESS,exec1,10,2,4.7178,71.4018,0
90,SUCCESS,exec1,10,2,2.233,73.6348,0
94,SUCCESS,exec1,10,2,4.0142,77.649,0
98,SUCCESS,exec1,10,2,5.0372,82.6862,0
102,SUCCESS,exec1,10,2,4.0447,86.7308,0
106,SUCCESS,exec1,10,2,2.3952,89.126,0
110,SUCCESS,exec1,10,2,6.4593,95.5853,0
114,SUCCESS,exec1,10,2,1.4273,97.0127,0
118,SUCCESS,exec1,10,2,3.2507,100.2633,0
122,SUCCESS,exec1,10,2,1.166,101.4293,0
126,SUCCESS,exec1,10,2,6.2167,107.646,0
3,SUCCESS,exec1,10,3,2.614,2.714,0
7,SUCCESS,exec1,10,3,2.1338,4.8478,0
11,SUCCESS,exec1,10,3,4.0047,8.8525,0
15,SUCCESS,exec1,10,3,4.4843,13.3368,0
19,SUCCESS,exec1,10,3,0.59,13.9268,0
23,SUCCESS,exec1,10,3,1.1625,15.0893,0
27,SUCCESS,exec1,10,3,4.6105,19.6998,0
31,SUCCESS,exec1,10,3,4.061,23.7608,0
35,SUCCESS,exec1,10,3,0.506,24.2668,0
39,SUCCESS,exec1,10,3,4.0397,28.3065,0
43,SUCCESS,exec1,10,3,4.72,33.0265,0
47,SUCCESS,exec1,10,3,3.83,36.8565,0
51,SUCCESS,exec1,10,3,3.5295,40.386,0
55,SUCCESS,exec1,10,3,3.8878,44.2738,0
59,SUCCESS,exec1,10,3,1.4795,45.7533,0
63,SUCCESS,exec1,10,3,3.1728,48.9262,0
67,SUCCESS,exec1,10,3,3.9865,52.9127,0
71,SUCCESS,exec1,10,3,2.844,55.7567,0
75,SUCCESS,exec1,10,3,2.0295,57.7862,0
79,SUCCESS,exec1,10,3,4.5445,62.3307,0
83,SUCCESS,exec1,10,3,2.5013,64.832,0
87,SUCCESS,exec1,10,3,1.372,66.204,0
91,SUCCESS,exec1,10,3,2.6805,68.8845,0
95,SUCCESS,exec1,10,3,4.3193,73.2038,0
99,SUCCESS,exec1,10,3,1.9185,75.1223,0
103,SUCCESS,exec1,10,3,2.302,77.4243,0
107,SUCCESS,exec1,10,3,2.2752,79.6995,0
111,SUCCESS,exec1,10,3,2.248,81.9475,0
115,SUCCESS,exec1,10,3,4.1087,86.0562,0
119,SUCCESS,exec1,10,3,1.7772,87.8333,0
123,SUCCESS,exec1,10,3,3.7427,91.576,0
127,SUCCESS,exec1,10,3,1.095,92.671,0
