60,SUCCESS,exec0,10,0,2.29,2.39,0
27,SUCCESS,exec0,10,0,2.3202,4.7102,0
82,SUCCESS,exec0,10,0,2.655,7.3652,0
106,SUCCESS,exec0,10,0,2.7685,10.1337,0
86,SUCCESS,exec0,10,0,2.7712,12.9048,0
91,SUCCESS,exec0,10,0,2.9397,15.8445,0
23,SUCCESS,exec0,10,0,3.0977,18.9422,0
15,SUCCESS,exec0,10,0,3.1023,22.0445,0
81,SUCCESS,exec0,10,0,3.1875,25.232,0
124,SUCCESS,exec0,10,0,3.3553,28.5873,0
105,SUCCESS,exec0,10,0,3.4815,32.0688,0
101,SUCCESS,exec0,10,0,3.506,35.5748,0
65,SUCCESS,exec0,10,0,3.5267,39.1015,0
110,SUCCESS,exec0,10,0,3.6597,42.7612,0
55,SUCCESS,exec0,10,0,3.7223,46.4835,0
98,SUCCESS,exec0,10,0,3.723,50.2065,0
36,SUCCESS,exec0,10,0,3.9367,54.1432,0
87,SUCCESS,exec0,10,0,4.2275,58.3707,0
33,SUCCESS,exec0,10,0,4.5662,62.9368,0
14,SUCCESS,exec0,10,0,4.691,67.6278,0
30,SUCCESS,exec0,10,0,4.7618,72.3897,0
8,SUCCESS,exec0,10,0,4.8777,77.2673,0
20,SUCCESS,exec0,10,0,4.967,82.2343,0
48,SUCCESS,exec0,10,0,4.9678,87.2022,0
100,SUCCESS,exec0,10,0,5.1333,92.3355,0
78,SUCCESS,exec0,10,0,5.6857,98.0212,0
19,SUCCESS,exec0,10,0,5.799,103.8202,0
92,SUCCESS,exec0,10,0,5.803,109.6232,0
80,SUCCESS,exec0,10,0,5.8253,115.4485,0
31,SUCCESS,exec0,10,0,5.9473,121.3958,0
11,SUCCESS,exec0,10,0,5.9697,127.3655,0
7,SUCCESS,exec0,10,0,6.2205,133.586,0
89,SUCCESS,exec0,10,0,6.26,139.846,0
24,SUCCESS,exec0,10,1,3.278,3.378,0
39,SUCCESS,exec0,10,1,3.3772,6.7552,0
0,SUCCESS,exec0,10,1,3.4885,10.2437,0
108,SUCCESS,exec0,10,1,3.5332,13.7768,0
113,SUCCESS,exec0,10,1,3.7847,17.5615,0
121,SUCCESS,exec0,10,1,3.9177,21.4792,0
46,SUCCESS,exec0,10,1,3.9418,25.421,0
17,SUCCESS,exec0,10,1,4.0383,29.4593,0
127,SUCCESS,exec0,10,1,4.0735,33.5328,0
52,SUCCESS,exec0,10,1,4.0747,37.6075,0
125,SUCCESS,exec0,10,1,4.0897,41.6972,0
43,SUCCESS,exec0,10,1,4.1103,45.8075,0
120,SUCCESS,exec0,10,1,4.113,49.9205,0
21,SUCCESS,exec0,10,1,4.3327,54.2532,0
111,SUCCESS,exec0,10,1,4.2755,58.5287,0
61,SUCCESS,exec0,10,1,4.2982,62.8268,0
32,SUCCESS,exec0,10,1,4.365,67.1918,0
74,SUCCESS,exec0,10,1,4.3818,71.5737,0
44,SUCCESS,exec0,10,1,4.3837,75.9573,0
63,SUCCESS,exec0,10,1,4.405,80.3623,0
54,SUCCESS,exec0,10,1,4.5685,84.9308,0
35,SUCCESS,exec0,10,1,4.5913,89.5222,0
77,SUCCESS,exec0,10,1,4.6058,94.128,0
68,SUCCESS,exec0,10,1,4.6422,98.7702,0
26,SUCCESS,exec0,10,1,4.81,103.5802,0
4,SUCCESS,exec0,10,1,4.8697,108.4498,0
75,SUCCESS,exec0,10,1,4.9453,113.3952,0
18,SUCCESS,exec0,10,1,4.9713,118.3665,0
45,SUCCESS,exec0,10,1,4.9828,123.3493,0
99,SUCCESS,exec0,10,1,5.2492,128.5985,0
72,SUCCESS,exec0,10,1,5.3175,133.916,0
84,SUCCESS,exec0,10,2,3.5667,3.6667,0
96,SUCCESS,exec0,10,2,3.5785,7.2452,0
13,SUCCESS,exec0,10,2,3.6032,10.8483,0
57,SUCCESS,exec0,10,2,3.6652,14.5135,0
95,SUCCESS,exec0,10,2,3.6867,18.2002,0
38,SUCCESS,exec0,10,2,3.6903,21.8905,0
62,SUCCESS,exec0,10,2,3.6978,25.5883,0
107,SUCCESS,exec0,10,2,3.761,29.3493,0
76,SUCCESS,exec0,10,2,3.7715,33.1208,0
37,SUCCESS,exec0,10,2,3.8037,36.9245,0
122,SUCCESS,exec0,10,2,3.8617,40.7862,0
90,SUCCESS,exec0,10,2,3.9483,44.7345,0
59,SUCCESS,exec0,10,2,3.979,48.7135,0
67,SUCCESS,exec0,10,2,4.0557,52.7692,0
109,SUCCESS,exec0,10,2,4.106,56.8752,0
123,SUCCESS,exec0,10,2,4.1422,61.0173,0
49,SUCCESS,exec0,10,2,4.1795,65.1968,0
28,SUCCESS,exec0,10,2,4.2043,69.4012,0
22,SUCCESS,exec0,10,2,4.2072,73.6083,0
115,SUCCESS,exec0,10,2,4.237,77.8453,0
3,SUCCESS,exec0,10,2,4.279,82.1243,0
85,SUCCESS,exec0,10,2,4.2838,86.4082,0
66,SUCCESS,exec0,10,2,4.3333,90.7415,0
114,SUCCESS,exec0,10,2,4.4252,95.1667,0
10,SUCCESS,exec0,10,2,4.4515,99.6182,0
5,SUCCESS,exec0,10,2,4.6767,104.2948,0
71,SUCCESS,exec0,10,2,4.7703,109.0652,0
97,SUCCESS,exec0,10,2,4.8233,113.8885,0
41,SUCCESS,exec0,10,2,4.8473,118.7358,0
2,SUCCESS,exec0,10,2,4.9262,123.662,0
29,SUCCESS,exec0,10,2,5.0465,128.7085,0
40,SUCCESS,exec0,10,2,5.0975,133.806,0
88,SUCCESS,exec0,10,3,3.8262,3.9262,0
119,SUCCESS,exec0,10,3,3.8375,7.7637,0
1,SUCCESS,exec0,10,3,3.9632,11.7268,0
126,SUCCESS,exec0,10,3,3.9677,15.6945,0
69,SUCCESS,exec0,10,3,3.9907,19.6852,0
112,SUCCESS,exec0,10,3,4.0688,23.754,0
9,SUCCESS,exec0,10,3,4.0713,27.8253,0
47,SUCCESS,exec0,10,3,4.0955,31.9208,0
50,SUCCESS,exec0,10,3,4.155,36.0758,0
79,SUCCESS,exec0,10,3,4.1557,40.2315,0
56,SUCCESS,exec0,10,3,4.1617,44.3932,0
58,SUCCESS,exec0,10,3,4.2083,48.6015,0
70,SUCCESS,exec0,10,3,4.2777,52.8792,0
42,SUCCESS,exec0,10,3,4.2995,57.1787,0
117,SUCCESS,exec0,10,3,4.3082,61.4868,0
83,SUCCESS,exec0,10,3,4.313,65.7998,0
73,SUCCESS,exec0,10,3,4.4588,70.2587,0
25,SUCCESS,exec0,10,3,4.5107,74.7693,0
12,SUCCESS,exec0,10,3,4.542,79.3113,0
93,SUCCESS,exec0,10,3,4.5525,83.8638,0
116,SUCCESS,exec0,10,3,4.6103,88.4742,0
103,SUCCESS,exec0,10,3,4.6368,93.111,0
51,SUCCESS,exec0,10,3,4.6562,97.7672,0
104,SUCCESS,exec0,10,3,4.705,102.4722,0
6,SUCCESS,exec0,10,3,4.7297,107.2018,0
64,SUCCESS,exec0,10,3,4.7983,112.0002,0
16,SUCCESS,exec0,10,3,4.8703,116.8705,0
118,SUCCESS,exec0,10,3,4.8858,121.7563,0
34,SUCCESS,exec0,10,3,4.9412,126.6975,0
102,SUCCESS,exec0,10,3,4.9745,131.672,0
94,SUCCESS,exec0,10,3,3.7845,135.4565,0
53,SUCCESS,exec0,10,3,2.6375,138.094,0
