57,SUCCESS,exec2,10,0,2.038,2.138,0
90,SUCCESS,exec2,10,0,2.251,4.389,0
41,SUCCESS,exec2,10,0,2.305,6.694,0
76,SUCCESS,exec2,10,0,2.3538,9.0478,0
21,SUCCESS,exec2,10,0,2.6457,11.6935,0
14,SUCCESS,exec2,10,0,2.6847,14.3782,0
80,SUCCESS,exec2,10,0,3.093,17.4712,0
43,SUCCESS,exec2,10,0,3.28,20.7512,0
40,SUCCESS,exec2,10,0,3.3517,24.1028,0
125,SUCCESS,exec2,10,0,3.4157,27.5185,0
53,SUCCESS,exec2,10,0,3.603,31.1215,0
108,SUCCESS,exec2,10,0,3.7503,34.8718,0
89,SUCCESS,exec2,10,0,3.7593,38.6312,0
12,SUCCESS,exec2,10,0,3.7607,42.3918,0
16,SUCCESS,exec2,10,0,3.7955,46.1873,0
33,SUCCESS,exec2,10,0,3.8282,50.0155,0
67,SUCCESS,exec2,10,0,3.9213,53.9368,0
97,SUCCESS,exec2,10,0,4.0137,57.9505,0
4,SUCCESS,exec2,10,0,4.0418,61.9923,0
95,SUCCESS,exec2,10,0,4.1488,66.1412,0
92,SUCCESS,exec2,10,0,4.4065,70.5477,0
102,SUCCESS,exec2,10,0,4.4925,75.0402,0
115,SUCCESS,exec2,10,0,4.5523,79.5925,0
27,SUCCESS,exec2,10,0,4.5297,84.1222,0
70,SUCCESS,exec2,10,0,4.5908,88.713,0
34,SUCCESS,exec2,10,0,4.6787,93.3917,0
77,SUCCESS,exec2,10,0,4.6818,98.0735,0
38,SUCCESS,exec2,10,0,4.8782,102.9517,0
20,SUCCESS,exec2,10,0,4.9555,107.9072,0
94,SUCCESS,exec2,10,0,5.0672,112.9743,0
124,SUCCESS,exec2,10,0,5.0787,118.053,0
36,SUCCESS,exec2,10,0,5.146,123.199,0
74,SUCCESS,exec2,10,1,2.721,2.821,0
48,SUCCESS,exec2,10,1,2.765,5.586,0
88,SUCCESS,exec2,10,1,2.8058,8.3918,0
45,SUCCESS,exec2,10,1,2.8737,11.2655,0
2,SUCCESS,exec2,10,1,2.9727,14.2382,0
79,SUCCESS,exec2,10,1,3.013,17.2512,0
42,SUCCESS,exec2,10,1,3.076,20.3272,0
50,SUCCESS,exec2,10,1,3.2037,23.5308,0
29,SUCCESS,exec2,10,1,3.2097,26.7405,0
81,SUCCESS,exec2,10,1,3.217,29.9575,0
47,SUCCESS,exec2,10,1,3.2923,33.2498,0
127,SUCCESS,exec2,10,1,3.3453,36.5952,0
13,SUCCESS,exec2,10,1,3.4667,40.0618,0
10,SUCCESS,exec2,10,1,3.581,43.6428,0
22,SUCCESS,exec2,10,1,3.6855,47.3283,0
69,SUCCESS,exec2,10,1,3.7662,51.0945,0
1,SUCCESS,exec2,10,1,3.7893,54.8838,0
100,SUCCESS,exec2,10,1,3.8167,58.7005,0
5,SUCCESS,exec2,10,1,3.8758,62.5763,0
73,SUCCESS,exec2,10,1,3.9178,66.4942,0
39,SUCCESS,exec2,10,1,3.9435,70.4377,0
86,SUCCESS,exec2,10,1,4.027,74.4647,0
104,SUCCESS,exec2,10,1,4.0758,78.5405,0
15,SUCCESS,exec2,10,1,4.095,82.6355,0
98,SUCCESS,exec2,10,1,4.2237,86.8592,0
112,SUCCESS,exec2,10,1,4.2988,91.158,0
99,SUCCESS,exec2,10,1,4.3487,95.5067,0
120,SUCCESS,exec2,10,1,4.4018,99.9085,0
52,SUCCESS,exec2,10,1,4.7232,104.6317,0
24,SUCCESS,exec2,10,1,4.7465,109.3782,0
18,SUCCESS,exec2,10,1,4.8338,114.212,0
119,SUCCESS,exec2,10,1,4.8407,119.0527,0
87,SUCCESS,exec2,10,1,5.0063,124.059,0
85,SUCCESS,exec2,10,2,3.343,3.443,0
51,SUCCESS,exec2,10,2,3.3943,6.8373,0
26,SUCCESS,exec2,10,2,3.4392,10.2765,0
9,SUCCESS,exec2,10,2,3.4457,13.7222,0
23,SUCCESS,exec2,10,2,3.639,17.3612,0
31,SUCCESS,exec2,10,2,3.6127,20.9738,0
19,SUCCESS,exec2,10,2,3.6697,24.6435,0
62,SUCCESS,exec2,10,2,3.689,28.3325,0
25,SUCCESS,exec2,10,2,3.8103,32.1428,0
101,SUCCESS,exec2,10,2,3.8383,35.9812,0
103,SUCCESS,exec2,10,2,3.8607,39.8418,0
75,SUCCESS,exec2,10,2,3.911,43.7528,0
96,SUCCESS,exec2,10,2,3.9022,47.655,0
59,SUCCESS,exec2,10,2,3.9128,51.5678,0
114,SUCCESS,exec2,10,2,3.9547,55.5225,0
105,SUCCESS,exec2,10,2,3.9613,59.4838,0
37,SUCCESS,exec2,10,2,3.9798,63.4637,0
113,SUCCESS,exec2,10,2,3.9845,67.4482,0
83,SUCCESS,exec2,10,2,3.9875,71.4357,0
11,SUCCESS,exec2,10,2,4.0178,75.4535,0
46,SUCCESS,exec2,10,2,4.029,79.4825,0
56,SUCCESS,exec2,10,2,4.1677,83.6502,0
8,SUCCESS,exec2,10,2,4.2543,87.9045,0
123,SUCCESS,exec2,10,2,4.2702,92.1747,0
82,SUCCESS,exec2,10,2,4.2913,96.466,0
35,SUCCESS,exec2,10,2,4.3172,100.7832,0
0,SUCCESS,exec2,10,2,4.3765,105.1597,0
60,SUCCESS,exec2,10,2,4.3912,109.5508,0
63,SUCCESS,exec2,10,2,4.4362,113.987,0
68,SUCCESS,exec2,10,2,4.4467,118.4337,0
55,SUCCESS,exec2,10,2,4.5513,122.985,0
72,SUCCESS,exec2,10,2,1.752,124.737,0
122,SUCCESS,exec2,10,3,3.453,3.553,0
54,SUCCESS,exec2,10,3,3.4678,7.0208,0
65,SUCCESS,exec2,10,3,3.4877,10.5085,0
66,SUCCESS,exec2,10,3,3.5217,14.0302,0
32,SUCCESS,exec2,10,3,3.556,17.5862,0
84,SUCCESS,exec2,10,3,3.5637,21.1498,0
64,SUCCESS,exec2,10,3,3.6257,24.7755,0
116,SUCCESS,exec2,10,3,3.667,28.4425,0
91,SUCCESS,exec2,10,3,3.8103,32.2528,0
126,SUCCESS,exec2,10,3,3.8763,36.1292,0
111,SUCCESS,exec2,10,3,4.0427,40.1718,0
93,SUCCESS,exec2,10,3,4.0355,44.2073,0
107,SUCCESS,exec2,10,3,4.0662,48.2735,0
78,SUCCESS,exec2,10,3,4.2553,52.5288,0
49,SUCCESS,exec2,10,3,4.2857,56.8145,0
61,SUCCESS,exec2,10,3,4.3698,61.1843,0
7,SUCCESS,exec2,10,3,4.4588,65.6432,0
106,SUCCESS,exec2,10,3,4.4775,70.1207,0
117,SUCCESS,exec2,10,3,4.5275,74.6482,0
58,SUCCESS,exec2,10,3,4.5343,79.1825,0
30,SUCCESS,exec2,10,3,4.5777,83.7602,0
71,SUCCESS,exec2,10,3,4.6688,88.429,0
118,SUCCESS,exec2,10,3,4.6827,93.1117,0
121,SUCCESS,exec2,10,3,4.7158,97.8275,0
44,SUCCESS,exec2,10,3,4.7222,102.5497,0
17,SUCCESS,exec2,10,3,4.7715,107.3212,0
110,SUCCESS,exec2,10,3,4.7912,112.1123,0
109,SUCCESS,exec2,10,3,4.9167,117.029,0
6,SUCCESS,exec2,10,3,4.9667,121.9957,0
3,SUCCESS,exec2,10,3,3.4093,125.405,0
28,SUCCESS,exec2,10,3,2.45,127.855,0
