0,SUCCESS,exec5,10,0,2.112,2.212,0
17,SUCCESS,exec5,10,0,2.1132,4.3252,0
15,SUCCESS,exec5,10,0,2.151,6.4762,0
75,SUCCESS,exec5,10,0,2.1992,8.6753,0
109,SUCCESS,exec5,10,0,2.252,10.9273,0
115,SUCCESS,exec5,10,0,2.298,13.2253,0
123,SUCCESS,exec5,10,0,2.3233,15.5487,0
119,SUCCESS,exec5,10,0,2.6105,18.1592,0
64,SUCCESS,exec5,10,0,2.7023,20.8615,0
61,SUCCESS,exec5,10,0,3.0503,23.9118,0
88,SUCCESS,exec5,10,0,3.0842,26.996,0
72,SUCCESS,exec5,10,0,3.1022,30.0982,0
27,SUCCESS,exec5,10,0,3.2325,33.3307,0
62,SUCCESS,exec5,10,0,3.2687,36.5993,0
11,SUCCESS,exec5,10,0,3.4975,40.0968,0
78,SUCCESS,exec5,10,0,3.5307,43.6275,0
106,SUCCESS,exec5,10,0,3.5838,47.2113,0
97,SUCCESS,exec5,10,0,3.9072,51.1185,0
10,SUCCESS,exec5,10,0,4.0163,55.1348,0
99,SUCCESS,exec5,10,0,4.0307,59.1655,0
3,SUCCESS,exec5,10,0,4.165,63.3305,0
90,SUCCESS,exec5,10,0,4.2348,67.5653,0
32,SUCCESS,exec5,10,0,4.2485,71.8138,0
80,SUCCESS,exec5,10,0,4.3158,76.1297,0
46,SUCCESS,exec5,10,0,4.333,80.4627,0
40,SUCCESS,exec5,10,0,4.525,84.9877,0
120,SUCCESS,exec5,10,0,4.5468,89.5345,0
9,SUCCESS,exec5,10,0,4.551,94.0855,0
4,SUCCESS,exec5,10,0,5.3498,99.4353,0
79,SUCCESS,exec5,10,0,5.4188,104.8542,0
18,SUCCESS,exec5,10,0,5.4228,110.277,0
20,SUCCESS,exec5,10,0,5.4237,115.7007,0
73,SUCCESS,exec5,10,0,5.462,121.1627,0
94,SUCCESS,exec5,10,0,5.6605,126.8232,0
52,SUCCESS,exec5,10,0,6.051,132.8742,0
71,SUCCESS,exec5,10,1,3.104,3.204,0
86,SUCCESS,exec5,10,1,3.1622,6.3662,0
126,SUCCESS,exec5,10,1,3.2332,9.5993,0
36,SUCCESS,exec5,10,1,3.25,12.8493,0
113,SUCCESS,exec5,10,1,3.2693,16.1187,0
13,SUCCESS,exec5,10,1,3.6568,19.7755,0
37,SUCCESS,exec5,10,1,3.8323,23.6078,0
107,SUCCESS,exec5,10,1,3.9852,27.593,0
82,SUCCESS,exec5,10,1,4.0912,31.6842,0
104,SUCCESS,exec5,10,1,4.1432,35.8273,0
29,SUCCESS,exec5,10,1,4.1595,39.9868,0
112,SUCCESS,exec5,10,1,4.1767,44.1635,0
21,SUCCESS,exec5,10,1,4.2678,48.4313,0
28,SUCCESS,exec5,10,1,4.2702,52.7015,0
57,SUCCESS,exec5,10,1,4.2853,56.9868,0
102,SUCCESS,exec5,10,1,4.4557,61.4425,0
55,SUCCESS,exec5,10,1,4.4815,65.924,0
93,SUCCESS,exec5,10,1,4.5238,70.4478,0
70,SUCCESS,exec5,10,1,4.7138,75.1617,0
44,SUCCESS,exec5,10,1,4.729,79.8907,0
87,SUCCESS,exec5,10,1,4.841,84.7317,0
105,SUCCESS,exec5,10,1,4.9128,89.6445,0
125,SUCCESS,exec5,10,1,4.945,94.5895,0
39,SUCCESS,exec5,10,1,5.0438,99.6333,0
45,SUCCESS,exec5,10,1,5.0708,104.7042,0
16,SUCCESS,exec5,10,1,5.0788,109.783,0
85,SUCCESS,exec5,10,1,5.2457,115.0287,0
19,SUCCESS,exec5,10,1,5.307,120.3357,0
42,SUCCESS,exec5,10,1,5.308,125.6437,0
101,SUCCESS,exec5,10,1,5.3558,130.9995,0
25,SUCCESS,exec5,10,1,3.0987,134.0982,0
92,SUCCESS,exec5,10,2,3.6007,3.7007,0
124,SUCCESS,exec5,10,2,3.6302,7.3308,0
2,SUCCESS,exec5,10,2,3.7065,11.0373,0
43,SUCCESS,exec5,10,2,3.7033,14.7407,0
7,SUCCESS,exec5,10,2,3.7278,18.4685,0
127,SUCCESS,exec5,10,2,3.7483,22.2168,0
108,SUCCESS,exec5,10,2,3.8432,26.06,0
41,SUCCESS,exec5,10,2,3.8742,29.9342,0
95,SUCCESS,exec5,10,2,3.8872,33.8213,0
69,SUCCESS,exec5,10,2,3.9495,37.7708,0
118,SUCCESS,exec5,10,2,3.9427,41.7135,0
22,SUCCESS,exec5,10,2,3.9473,45.6608,0
81,SUCCESS,exec5,10,2,3.9992,49.66,0
1,SUCCESS,exec5,10,2,4.1128,53.7728,0
100,SUCCESS,exec5,10,2,4.1207,57.8935,0
59,SUCCESS,exec5,10,2,4.131,62.0245,0
114,SUCCESS,exec5,10,2,4.2428,66.2673,0
91,SUCCESS,exec5,10,2,4.3185,70.5858,0
8,SUCCESS,exec5,10,2,4.3308,74.9167,0
89,SUCCESS,exec5,10,2,4.348,79.2647,0
5,SUCCESS,exec5,10,2,4.356,83.6207,0
24,SUCCESS,exec5,10,2,4.4718,88.0925,0
96,SUCCESS,exec5,10,2,4.487,92.5795,0
67,SUCCESS,exec5,10,2,4.5758,97.1553,0
116,SUCCESS,exec5,10,2,4.6638,101.8192,0
47,SUCCESS,exec5,10,2,4.7028,106.522,0
14,SUCCESS,exec5,10,2,5.0407,111.5627,0
49,SUCCESS,exec5,10,2,5.095,116.6577,0
50,SUCCESS,exec5,10,2,5.221,121.8787,0
63,SUCCESS,exec5,10,2,5.2278,127.1065,0
122,SUCCESS,exec5,10,2,5.3597,132.4662,0
66,SUCCESS,exec5,10,3,4.0252,4.1252,0
68,SUCCESS,exec5,10,3,4.0402,8.1653,0
31,SUCCESS,exec5,10,3,4.134,12.2993,0
121,SUCCESS,exec5,10,3,4.1578,16.4572,0
12,SUCCESS,exec5,10,3,4.1963,20.6535,0
117,SUCCESS,exec5,10,3,4.2018,24.8553,0
51,SUCCESS,exec5,10,3,4.2042,29.0595,0
83,SUCCESS,exec5,10,3,4.2712,33.3307,0
111,SUCCESS,exec5,10,3,4.3302,37.6608,0
26,SUCCESS,exec5,10,3,4.3627,42.0235,0
84,SUCCESS,exec5,10,3,4.4298,46.4533,0
110,SUCCESS,exec5,10,3,4.4352,50.8885,0
6,SUCCESS,exec5,10,3,4.4793,55.3678,0
54,SUCCESS,exec5,10,3,4.5067,59.8745,0
103,SUCCESS,exec5,10,3,4.5205,64.395,0
53,SUCCESS,exec5,10,3,4.5448,68.9398,0
38,SUCCESS,exec5,10,3,4.5695,73.5093,0
33,SUCCESS,exec5,10,3,4.5993,78.1087,0
35,SUCCESS,exec5,10,3,4.608,82.7167,0
56,SUCCESS,exec5,10,3,4.6505,87.3672,0
58,SUCCESS,exec5,10,3,4.6963,92.0635,0
48,SUCCESS,exec5,10,3,4.7085,96.772,0
98,SUCCESS,exec5,10,3,4.7618,101.5338,0
74,SUCCESS,exec5,10,3,4.7908,106.3247,0
76,SUCCESS,exec5,10,3,4.8593,111.184,0
65,SUCCESS,exec5,10,3,4.9037,116.0877,0
34,SUCCESS,exec5,10,3,4.965,121.0527,0
77,SUCCESS,exec5,10,3,4.9865,126.0392,0
23,SUCCESS,exec5,10,3,5.0703,131.1095,0
30,SUCCESS,exec5,10,3,3.9482,135.0577,0
60,SUCCESS,exec5,10,3,2.6995,137.7572,0
