116,SUCCESS,exec2,10,0,2.03,2.13,0
36,SUCCESS,exec2,10,0,2.092,4.222,0
38,SUCCESS,exec2,10,0,2.204,6.426,0
86,SUCCESS,exec2,10,0,2.2245,8.6505,0
139,SUCCESS,exec2,10,0,2.2913,10.9418,0
234,SUCCESS,exec2,10,0,2.2535,13.1953,0
217,SUCCESS,exec2,10,0,2.374,15.5693,0
117,SUCCESS,exec2,10,0,2.426,17.9953,0
26,SUCCESS,exec2,10,0,2.4395,20.4348,0
151,SUCCESS,exec2,10,0,2.465,22.8998,0
107,SUCCESS,exec2,10,0,2.559,25.4588,0
173,SUCCESS,exec2,10,0,2.58,28.0388,0
66,SUCCESS,exec2,10,0,2.5955,30.6343,0
47,SUCCESS,exec2,10,0,2.6127,33.247,0
194,SUCCESS,exec2,10,0,2.766,36.013,0
196,SUCCESS,exec2,10,0,2.857,38.87,0
62,SUCCESS,exec2,10,0,2.8627,41.7327,0
48,SUCCESS,exec2,10,0,2.9117,44.6443,0
159,SUCCESS,exec2,10,0,2.937,47.5813,0
168,SUCCESS,exec2,10,0,2.951,50.5323,0
32,SUCCESS,exec2,10,0,2.9597,53.492,0
226,SUCCESS,exec2,10,0,2.9803,56.4723,0
16,SUCCESS,exec2,10,0,2.9857,59.458,0
20,SUCCESS,exec2,10,0,3.0665,62.5245,0
143,SUCCESS,exec2,10,0,3.0627,65.5872,0
174,SUCCESS,exec2,10,0,3.0672,68.6543,0
218,SUCCESS,exec2,10,0,3.2268,71.8812,0
233,SUCCESS,exec2,10,0,3.2283,75.1095,0
69,SUCCESS,exec2,10,0,3.2813,78.3908,0
199,SUCCESS,exec2,10,0,3.428,81.8188,0
145,SUCCESS,exec2,10,0,3.4635,85.2823,0
93,SUCCESS,exec2,10,0,3.6528,88.9352,0
57,SUCCESS,exec2,10,0,3.6638,92.599,0
11,SUCCESS,exec2,10,0,3.676,96.275,0
161,SUCCESS,exec2,10,0,3.9098,100.1848,0
184,SUCCESS,exec2,10,0,3.9392,104.124,0
54,SUCCESS,exec2,10,0,3.9543,108.0783,0
22,SUCCESS,exec2,10,0,4.0382,112.1165,0
112,SUCCESS,exec2,10,0,4.3953,116.5118,0
134,SUCCESS,exec2,10,0,4.4,120.9118,0
14,SUCCESS,exec2,10,0,4.653,125.5648,0
187,SUCCESS,exec2,10,0,4.6595,130.2243,0
30,SUCCESS,exec2,10,0,4.7337,134.958,0
75,SUCCESS,exec2,10,0,4.7552,139.7132,0
104,SUCCESS,exec2,10,0,4.7727,144.4858,0
118,SUCCESS,exec2,10,0,5.0077,149.4935,0
80,SUCCESS,exec2,10,0,5.0172,154.5107,0
148,SUCCESS,exec2,10,0,5.0425,159.5532,0
141,SUCCESS,exec2,10,0,5.082,164.6352,0
103,SUCCESS,exec2,10,0,5.1812,169.8163,0
193,SUCCESS,exec2,10,0,5.2232,175.0395,0
106,SUCCESS,exec2,10,0,5.2408,180.2803,0
83,SUCCESS,exec2,10,0,5.2677,185.548,0
41,SUCCESS,exec2,10,0,5.2963,190.8443,0
224,SUCCESS,exec2,10,0,5.4083,196.2527,0
82,SUCCESS,exec2,10,0,5.4787,201.7313,0
64,SUCCESS,exec2,10,0,5.625,207.3563,0
177,SUCCESS,exec2,10,0,5.6407,212.997,0
144,SUCCESS,exec2,10,0,5.6603,218.6573,0
181,SUCCESS,exec2,10,0,5.7708,224.4282,0
210,SUCCESS,exec2,10,0,5.8027,230.2308,0
23,SUCCESS,exec2,10,0,5.91,236.1408,0
243,SUCCESS,exec2,10,0,5.9352,242.076,0
239,SUCCESS,exec2,10,0,6.0253,248.1013,0
87,SUCCESS,exec2,10,1,3.021,3.121,0
10,SUCCESS,exec2,10,1,3.023,6.144,0
149,SUCCESS,exec2,10,1,3.0325,9.1765,0
39,SUCCESS,exec2,10,1,3.0368,12.2133,0
126,SUCCESS,exec2,10,1,3.108,15.3213,0
46,SUCCESS,exec2,10,1,3.203,18.5243,0
136,SUCCESS,exec2,10,1,3.3085,21.8328,0
164,SUCCESS,exec2,10,1,3.21,25.0428,0
5,SUCCESS,exec2,10,1,3.277,28.3198,0
162,SUCCESS,exec2,10,1,3.3245,31.6443,0
81,SUCCESS,exec2,10,1,3.4267,35.071,0
182,SUCCESS,exec2,10,1,3.459,38.53,0
255,SUCCESS,exec2,10,1,3.4827,42.0127,0
98,SUCCESS,exec2,10,1,3.5147,45.5273,0
43,SUCCESS,exec2,10,1,3.524,49.0513,0
51,SUCCESS,exec2,10,1,3.5947,52.646,0
100,SUCCESS,exec2,10,1,3.6223,56.2683,0
135,SUCCESS,exec2,10,1,3.6277,59.896,0
78,SUCCESS,exec2,10,1,3.6592,63.5552,0
2,SUCCESS,exec2,10,1,3.7172,67.2723,0
129,SUCCESS,exec2,10,1,3.7228,70.9952,0
123,SUCCESS,exec2,10,1,3.7883,74.7835,0
85,SUCCESS,exec2,10,1,3.8073,78.5908,0
150,SUCCESS,exec2,10,1,3.828,82.4188,0
25,SUCCESS,exec2,10,1,3.8508,86.2697,0
55,SUCCESS,exec2,10,1,3.9108,90.1805,0
154,SUCCESS,exec2,10,1,3.9145,94.095,0
253,SUCCESS,exec2,10,1,4.0018,98.0968,0
27,SUCCESS,exec2,10,1,4.0592,102.156,0
236,SUCCESS,exec2,10,1,4.0983,106.2543,0
124,SUCCESS,exec2,10,1,4.1162,110.3705,0
15,SUCCESS,exec2,10,1,4.2453,114.6158,0
147,SUCCESS,exec2,10,1,4.216,118.8318,0
95,SUCCESS,exec2,10,1,4.242,123.0738,0
102,SUCCESS,exec2,10,1,4.268,127.3418,0
175,SUCCESS,exec2,10,1,4.3382,131.68,0
90,SUCCESS,exec2,10,1,4.3797,136.0597,0
247,SUCCESS,exec2,10,1,4.3888,140.4485,0
140,SUCCESS,exec2,10,1,4.3983,144.8468,0
65,SUCCESS,exec2,10,1,4.4467,149.2935,0
44,SUCCESS,exec2,10,1,4.4652,153.7587,0
201,SUCCESS,exec2,10,1,4.5085,158.2672,0
186,SUCCESS,exec2,10,1,4.512,162.7792,0
138,SUCCESS,exec2,10,1,4.5472,167.3263,0
96,SUCCESS,exec2,10,1,4.6123,171.9387,0
176,SUCCESS,exec2,10,1,4.6568,176.5955,0
192,SUCCESS,exec2,10,1,4.7338,181.3293,0
34,SUCCESS,exec2,10,1,4.8607,186.19,0
60,SUCCESS,exec2,10,1,4.9363,191.1263,0
53,SUCCESS,exec2,10,1,4.9683,196.0947,0
29,SUCCESS,exec2,10,1,4.97,201.0647,0
35,SUCCESS,exec2,10,1,5.0197,206.0843,0
195,SUCCESS,exec2,10,1,5.0027,211.087,0
109,SUCCESS,exec2,10,1,5.1693,216.2563,0
157,SUCCESS,exec2,10,1,5.1803,221.4367,0
113,SUCCESS,exec2,10,1,5.2155,226.6522,0
6,SUCCESS,exec2,10,1,5.2827,231.9348,0
160,SUCCESS,exec2,10,1,5.29,237.2248,0
131,SUCCESS,exec2,10,1,5.2992,242.524,0
111,SUCCESS,exec2,10,1,5.3133,247.8373,0
205,SUCCESS,exec2,10,1,5.3212,253.1585,0
212,SUCCESS,exec2,10,1,5.33,258.4885,0
49,SUCCESS,exec2,10,1,5.3305,263.819,0
58,SUCCESS,exec2,10,1,5.3497,269.1687,0
7,SUCCESS,exec2,10,2,3.569,3.669,0
172,SUCCESS,exec2,10,2,3.581,7.25,0
9,SUCCESS,exec2,10,2,3.5818,10.8318,0
179,SUCCESS,exec2,10,2,3.5855,14.4173,0
61,SUCCESS,exec2,10,2,3.688,18.1053,0
73,SUCCESS,exec2,10,2,3.6175,21.7228,0
88,SUCCESS,exec2,10,2,3.626,25.3488,0
56,SUCCESS,exec2,10,2,3.661,29.0098,0
1,SUCCESS,exec2,10,2,3.6712,32.681,0
101,SUCCESS,exec2,10,2,3.678,36.359,0
222,SUCCESS,exec2,10,2,3.7177,40.0767,0
76,SUCCESS,exec2,10,2,3.7357,43.8123,0
231,SUCCESS,exec2,10,2,3.879,47.6913,0
241,SUCCESS,exec2,10,2,3.7897,51.481,0
120,SUCCESS,exec2,10,2,3.7973,55.2783,0
8,SUCCESS,exec2,10,2,3.8077,59.086,0
72,SUCCESS,exec2,10,2,3.8132,62.8992,0
42,SUCCESS,exec2,10,2,3.8402,66.7393,0
146,SUCCESS,exec2,10,2,3.8403,70.5797,0
163,SUCCESS,exec2,10,2,3.8468,74.4265,0
40,SUCCESS,exec2,10,2,3.8543,78.2808,0
132,SUCCESS,exec2,10,2,3.878,82.1588,0
240,SUCCESS,exec2,10,2,3.9068,86.0657,0
245,SUCCESS,exec2,10,2,3.9348,90.0005,0
91,SUCCESS,exec2,10,2,3.9785,93.979,0
229,SUCCESS,exec2,10,2,4.0078,97.9868,0
92,SUCCESS,exec2,10,2,4.0592,102.046,0
37,SUCCESS,exec2,10,2,4.0823,106.1283,0
171,SUCCESS,exec2,10,2,4.1312,110.2595,0
230,SUCCESS,exec2,10,2,4.1363,114.3958,0
67,SUCCESS,exec2,10,2,4.184,118.5798,0
246,SUCCESS,exec2,10,2,4.202,122.7818,0
204,SUCCESS,exec2,10,2,4.225,127.0068,0
178,SUCCESS,exec2,10,2,4.2822,131.289,0
153,SUCCESS,exec2,10,2,4.3057,135.5947,0
115,SUCCESS,exec2,10,2,4.3178,139.9125,0
213,SUCCESS,exec2,10,2,4.3333,144.2458,0
185,SUCCESS,exec2,10,2,4.3357,148.5815,0
119,SUCCESS,exec2,10,2,4.3372,152.9187,0
206,SUCCESS,exec2,10,2,4.3465,157.2652,0
18,SUCCESS,exec2,10,2,4.388,161.6532,0
254,SUCCESS,exec2,10,2,4.3982,166.0513,0
152,SUCCESS,exec2,10,2,4.4023,170.4537,0
79,SUCCESS,exec2,10,2,4.4218,174.8755,0
220,SUCCESS,exec2,10,2,4.4248,179.3003,0
110,SUCCESS,exec2,10,2,4.4257,183.726,0
188,SUCCESS,exec2,10,2,4.4293,188.1553,0
190,SUCCESS,exec2,10,2,4.4383,192.5937,0
170,SUCCESS,exec2,10,2,4.445,197.0387,0
77,SUCCESS,exec2,10,2,4.4627,201.5013,0
244,SUCCESS,exec2,10,2,4.473,205.9743,0
24,SUCCESS,exec2,10,2,4.4737,210.448,0
200,SUCCESS,exec2,10,2,4.4903,214.9383,0
202,SUCCESS,exec2,10,2,4.4983,219.4367,0
0,SUCCESS,exec2,10,2,4.5575,223.9942,0
216,SUCCESS,exec2,10,2,4.6787,228.6728,0
17,SUCCESS,exec2,10,2,4.69,233.3628,0
225,SUCCESS,exec2,10,2,4.7527,238.1155,0
228,SUCCESS,exec2,10,2,4.7525,242.868,0
122,SUCCESS,exec2,10,2,4.7773,247.6453,0
248,SUCCESS,exec2,10,2,4.8112,252.4565,0
214,SUCCESS,exec2,10,2,4.849,257.3055,0
238,SUCCESS,exec2,10,2,4.9415,262.247,0
21,SUCCESS,exec2,10,2,4.9607,267.2077,0
3,SUCCESS,exec2,10,3,3.746,3.846,0
70,SUCCESS,exec2,10,3,3.7605,7.6065,0
209,SUCCESS,exec2,10,3,3.7858,11.3923,0
63,SUCCESS,exec2,10,3,3.787,15.1793,0
97,SUCCESS,exec2,10,3,3.7895,18.9688,0
235,SUCCESS,exec2,10,3,3.809,22.7778,0
50,SUCCESS,exec2,10,3,3.855,26.6328,0
128,SUCCESS,exec2,10,3,3.8915,30.5243,0
242,SUCCESS,exec2,10,3,3.8957,34.42,0
28,SUCCESS,exec2,10,3,3.912,38.332,0
249,SUCCESS,exec2,10,3,3.9577,42.2897,0
183,SUCCESS,exec2,10,3,3.9637,46.2533,0
211,SUCCESS,exec2,10,3,3.965,50.2183,0
221,SUCCESS,exec2,10,3,4.0587,54.277,0
45,SUCCESS,exec2,10,3,4.0643,58.3413,0
203,SUCCESS,exec2,10,3,4.0732,62.4145,0
127,SUCCESS,exec2,10,3,4.0882,66.5027,0
133,SUCCESS,exec2,10,3,4.2355,70.7382,0
108,SUCCESS,exec2,10,3,4.2593,74.9975,0
198,SUCCESS,exec2,10,3,4.3153,79.3128,0
142,SUCCESS,exec2,10,3,4.3235,83.6363,0
250,SUCCESS,exec2,10,3,4.3568,87.9932,0
237,SUCCESS,exec2,10,3,4.3738,92.367,0
4,SUCCESS,exec2,10,3,4.3865,96.7535,0
71,SUCCESS,exec2,10,3,4.3978,101.1513,0
197,SUCCESS,exec2,10,3,4.4057,105.557,0
114,SUCCESS,exec2,10,3,4.4178,109.9748,0
251,SUCCESS,exec2,10,3,4.531,114.5058,0
33,SUCCESS,exec2,10,3,4.442,118.9478,0
252,SUCCESS,exec2,10,3,4.467,123.4148,0
208,SUCCESS,exec2,10,3,4.5515,127.9663,0
105,SUCCESS,exec2,10,3,4.5657,132.532,0
68,SUCCESS,exec2,10,3,4.5952,137.1272,0
158,SUCCESS,exec2,10,3,4.5973,141.7245,0
166,SUCCESS,exec2,10,3,4.6103,146.3348,0
137,SUCCESS,exec2,10,3,4.6132,150.948,0
121,SUCCESS,exec2,10,3,4.6352,155.5832,0
207,SUCCESS,exec2,10,3,4.666,160.2492,0
232,SUCCESS,exec2,10,3,4.6895,164.9387,0
31,SUCCESS,exec2,10,3,4.6997,169.6383,0
89,SUCCESS,exec2,10,3,4.7038,174.3422,0
94,SUCCESS,exec2,10,3,4.7048,179.047,0
169,SUCCESS,exec2,10,3,4.789,183.836,0
59,SUCCESS,exec2,10,3,4.7123,188.5483,0
130,SUCCESS,exec2,10,3,4.7163,193.2647,0
215,SUCCESS,exec2,10,3,4.742,198.0067,0
84,SUCCESS,exec2,10,3,4.7737,202.7803,0
99,SUCCESS,exec2,10,3,4.779,207.5593,0
223,SUCCESS,exec2,10,3,4.7797,212.339,0
156,SUCCESS,exec2,10,3,4.7863,217.1253,0
13,SUCCESS,exec2,10,3,4.7948,221.9202,0
19,SUCCESS,exec2,10,3,4.842,226.7622,0
167,SUCCESS,exec2,10,3,4.8157,231.5778,0
219,SUCCESS,exec2,10,3,4.829,236.4068,0
12,SUCCESS,exec2,10,3,4.8652,241.272,0
155,SUCCESS,exec2,10,3,4.878,246.15,0
227,SUCCESS,exec2,10,3,4.8818,251.0318,0
189,SUCCESS,exec2,10,3,4.8857,255.9175,0
165,SUCCESS,exec2,10,3,4.9035,260.821,0
74,SUCCESS,exec2,10,3,4.916,265.737,0
125,SUCCESS,exec2,10,3,4.9252,270.6622,0
52,SUCCESS,exec2,10,3,4.932,275.5942,0
180,SUCCESS,exec2,10,3,4.941,280.5352,0
191,SUCCESS,exec2,10,3,4.973,285.5082,0
