150,SUCCESS,exec0,10,0,2.29,2.39,0
159,SUCCESS,exec0,10,0,2.4848,4.8748,0
176,SUCCESS,exec0,10,0,2.5348,7.4097,0
227,SUCCESS,exec0,10,0,2.688,10.0977,0
69,SUCCESS,exec0,10,0,2.6435,12.7412,0
193,SUCCESS,exec0,10,0,2.6932,15.4343,0
63,SUCCESS,exec0,10,0,2.9247,18.359,0
55,SUCCESS,exec0,10,0,2.977,21.336,0
241,SUCCESS,exec0,10,0,3.1598,24.4958,0
187,SUCCESS,exec0,10,0,3.1858,27.6817,0
192,SUCCESS,exec0,10,0,3.3682,31.0498,0
111,SUCCESS,exec0,10,0,3.374,34.4238,0
234,SUCCESS,exec0,10,0,3.4705,37.8943,0
247,SUCCESS,exec0,10,0,3.7333,41.6277,0
151,SUCCESS,exec0,10,0,3.807,45.4347,0
104,SUCCESS,exec0,10,0,3.8022,49.2368,0
30,SUCCESS,exec0,10,0,3.8167,53.0535,0
10,SUCCESS,exec0,10,0,3.8647,56.9182,0
152,SUCCESS,exec0,10,0,3.872,60.7902,0
82,SUCCESS,exec0,10,0,4.024,64.8142,0
41,SUCCESS,exec0,10,0,4.0693,68.8835,0
125,SUCCESS,exec0,10,0,4.1442,73.0277,0
124,SUCCESS,exec0,10,0,4.1627,77.1903,0
48,SUCCESS,exec0,10,0,4.2005,81.3908,0
118,SUCCESS,exec0,10,0,4.2415,85.6323,0
101,SUCCESS,exec0,10,0,4.248,89.8803,0
154,SUCCESS,exec0,10,0,4.2873,94.1677,0
232,SUCCESS,exec0,10,0,4.312,98.4797,0
22,SUCCESS,exec0,10,0,4.3135,102.7932,0
53,SUCCESS,exec0,10,0,4.4502,107.2433,0
168,SUCCESS,exec0,10,0,4.5575,111.8008,0
37,SUCCESS,exec0,10,0,4.5302,116.331,0
52,SUCCESS,exec0,10,0,4.5872,120.9182,0
113,SUCCESS,exec0,10,0,4.5953,125.5135,0
99,SUCCESS,exec0,10,0,4.6222,130.1357,0
214,SUCCESS,exec0,10,0,4.7118,134.8475,0
189,SUCCESS,exec0,10,0,4.7385,139.586,0
185,SUCCESS,exec0,10,0,4.7473,144.3333,0
65,SUCCESS,exec0,10,0,4.9785,149.3118,0
84,SUCCESS,exec0,10,0,4.8805,154.1923,0
60,SUCCESS,exec0,10,0,4.9057,159.098,0
77,SUCCESS,exec0,10,0,4.9242,164.0222,0
73,SUCCESS,exec0,10,0,4.9305,168.9527,0
59,SUCCESS,exec0,10,0,4.9572,173.9098,0
204,SUCCESS,exec0,10,0,4.961,178.8708,0
117,SUCCESS,exec0,10,0,4.9858,183.8567,0
230,SUCCESS,exec0,10,0,5.07,188.9267,0
102,SUCCESS,exec0,10,0,5.022,193.9487,0
226,SUCCESS,exec0,10,0,5.2585,199.2072,0
127,SUCCESS,exec0,10,0,5.3578,204.565,0
220,SUCCESS,exec0,10,0,5.3642,209.9292,0
196,SUCCESS,exec0,10,0,5.3913,215.3205,0
12,SUCCESS,exec0,10,0,5.551,220.8715,0
43,SUCCESS,exec0,10,0,5.5078,226.3793,0
32,SUCCESS,exec0,10,0,5.5532,231.9325,0
202,SUCCESS,exec0,10,0,5.557,237.4895,0
255,SUCCESS,exec0,10,0,5.5575,243.047,0
145,SUCCESS,exec0,10,0,5.6427,248.6897,0
103,SUCCESS,exec0,10,0,5.691,254.3807,0
253,SUCCESS,exec0,10,0,5.722,260.1027,0
158,SUCCESS,exec0,10,0,5.755,265.8577,0
224,SUCCESS,exec0,10,0,5.759,271.6167,0
231,SUCCESS,exec0,10,0,5.7695,277.3862,0
120,SUCCESS,exec0,10,0,5.788,283.1742,0
6,SUCCESS,exec0,10,1,2.909,3.009,0
46,SUCCESS,exec0,10,1,2.9118,5.9208,0
188,SUCCESS,exec0,10,1,2.9348,8.8557,0
78,SUCCESS,exec0,10,1,3.0635,11.9192,0
240,SUCCESS,exec0,10,1,3.0772,14.9963,0
47,SUCCESS,exec0,10,1,3.0787,18.075,0
249,SUCCESS,exec0,10,1,3.151,21.226,0
15,SUCCESS,exec0,10,1,3.1598,24.3858,0
140,SUCCESS,exec0,10,1,3.1858,27.5717,0
137,SUCCESS,exec0,10,1,3.2255,30.7972,0
88,SUCCESS,exec0,10,1,3.2607,34.0578,0
211,SUCCESS,exec0,10,1,3.28,37.3378,0
209,SUCCESS,exec0,10,1,3.2938,40.6317,0
148,SUCCESS,exec0,10,1,3.309,43.9407,0
68,SUCCESS,exec0,10,1,3.3615,47.3022,0
13,SUCCESS,exec0,10,1,3.4867,50.7888,0
165,SUCCESS,exec0,10,1,3.5267,54.3155,0
19,SUCCESS,exec0,10,1,3.5667,57.8822,0
85,SUCCESS,exec0,10,1,3.584,61.4662,0
49,SUCCESS,exec0,10,1,3.697,65.1632,0
222,SUCCESS,exec0,10,1,3.8303,68.9935,0
173,SUCCESS,exec0,10,1,3.7282,72.7217,0
131,SUCCESS,exec0,10,1,3.7387,76.4603,0
25,SUCCESS,exec0,10,1,3.7725,80.2328,0
11,SUCCESS,exec0,10,1,3.8715,84.1043,0
217,SUCCESS,exec0,10,1,3.872,87.9763,0
203,SUCCESS,exec0,10,1,3.896,91.8723,0
223,SUCCESS,exec0,10,1,3.9053,95.7777,0
50,SUCCESS,exec0,10,1,3.9515,99.7292,0
155,SUCCESS,exec0,10,1,3.956,103.6852,0
157,SUCCESS,exec0,10,1,3.9872,107.6723,0
199,SUCCESS,exec0,10,1,4.0185,111.6908,0
110,SUCCESS,exec0,10,1,4.0622,115.753,0
33,SUCCESS,exec0,10,1,4.0597,119.8127,0
181,SUCCESS,exec0,10,1,4.1548,123.9675,0
243,SUCCESS,exec0,10,1,4.175,128.1425,0
1,SUCCESS,exec0,10,1,4.1862,132.3287,0
138,SUCCESS,exec0,10,1,4.1968,136.5255,0
205,SUCCESS,exec0,10,1,4.2125,140.738,0
219,SUCCESS,exec0,10,1,4.2283,144.9663,0
45,SUCCESS,exec0,10,1,4.2355,149.2018,0
175,SUCCESS,exec0,10,1,4.2745,153.4763,0
177,SUCCESS,exec0,10,1,4.2757,157.752,0
62,SUCCESS,exec0,10,1,4.288,162.04,0
130,SUCCESS,exec0,10,1,4.3972,166.4372,0
90,SUCCESS,exec0,10,1,4.4105,170.8477,0
141,SUCCESS,exec0,10,1,4.4422,175.2898,0
170,SUCCESS,exec0,10,1,4.462,179.7518,0
208,SUCCESS,exec0,10,1,4.4768,184.2287,0
79,SUCCESS,exec0,10,1,4.478,188.7067,0
132,SUCCESS,exec0,10,1,4.478,193.1847,0
136,SUCCESS,exec0,10,1,4.4805,197.6652,0
248,SUCCESS,exec0,10,1,4.5968,202.262,0
123,SUCCESS,exec0,10,1,4.5517,206.8137,0
72,SUCCESS,exec0,10,1,4.6418,211.4555,0
87,SUCCESS,exec0,10,1,4.651,216.1065,0
245,SUCCESS,exec0,10,1,4.655,220.7615,0
246,SUCCESS,exec0,10,1,4.7478,225.5093,0
2,SUCCESS,exec0,10,1,4.8232,230.3325,0
109,SUCCESS,exec0,10,1,4.848,235.1805,0
244,SUCCESS,exec0,10,1,4.853,240.0335,0
254,SUCCESS,exec0,10,1,4.8535,244.887,0
190,SUCCESS,exec0,10,1,4.8617,249.7487,0
210,SUCCESS,exec0,10,1,4.863,254.6117,0
142,SUCCESS,exec0,10,2,3.2543,3.3543,0
233,SUCCESS,exec0,10,2,3.3158,6.6702,0
238,SUCCESS,exec0,10,2,3.3175,9.9877,0
160,SUCCESS,exec0,10,2,3.4362,13.4238,0
51,SUCCESS,exec0,10,2,3.4472,16.871,0
213,SUCCESS,exec0,10,2,3.472,20.343,0
35,SUCCESS,exec0,10,2,3.5008,23.8438,0
112,SUCCESS,exec0,10,2,3.5458,27.3897,0
107,SUCCESS,exec0,10,2,3.5502,30.9398,0
235,SUCCESS,exec0,10,2,3.594,34.5338,0
20,SUCCESS,exec0,10,2,3.5598,38.0937,0
7,SUCCESS,exec0,10,2,3.644,41.7377,0
108,SUCCESS,exec0,10,2,3.587,45.3247,0
38,SUCCESS,exec0,10,2,3.5962,48.9208,0
139,SUCCESS,exec0,10,2,3.6027,52.5235,0
97,SUCCESS,exec0,10,2,3.6407,56.1642,0
206,SUCCESS,exec0,10,2,3.652,59.8162,0
166,SUCCESS,exec0,10,2,3.68,63.4962,0
163,SUCCESS,exec0,10,2,3.6873,67.1835,0
237,SUCCESS,exec0,10,2,3.7072,70.8907,0
215,SUCCESS,exec0,10,2,3.7197,74.6103,0
24,SUCCESS,exec0,10,2,3.7575,78.3678,0
252,SUCCESS,exec0,10,2,3.7715,82.1393,0
44,SUCCESS,exec0,10,2,3.787,85.9263,0
218,SUCCESS,exec0,10,2,3.842,89.7683,0
149,SUCCESS,exec0,10,2,3.8493,93.6177,0
162,SUCCESS,exec0,10,2,3.892,97.5097,0
61,SUCCESS,exec0,10,2,3.8955,101.4052,0
135,SUCCESS,exec0,10,2,4.0227,105.4278,0
34,SUCCESS,exec0,10,2,4.0245,109.4523,0
178,SUCCESS,exec0,10,2,4.0432,113.4955,0
56,SUCCESS,exec0,10,2,4.0522,117.5477,0
186,SUCCESS,exec0,10,2,4.0818,121.6295,0
114,SUCCESS,exec0,10,2,4.084,125.7135,0
81,SUCCESS,exec0,10,2,4.0842,129.7977,0
89,SUCCESS,exec0,10,2,4.0938,133.8915,0
134,SUCCESS,exec0,10,2,4.1005,137.992,0
143,SUCCESS,exec0,10,2,4.1313,142.1233,0
250,SUCCESS,exec0,10,2,4.1315,146.2548,0
5,SUCCESS,exec0,10,2,4.1515,150.4063,0
18,SUCCESS,exec0,10,2,4.1487,154.555,0
172,SUCCESS,exec0,10,2,4.165,158.72,0
212,SUCCESS,exec0,10,2,4.1967,162.9167,0
251,SUCCESS,exec0,10,2,4.2405,167.1572,0
207,SUCCESS,exec0,10,2,4.2732,171.4303,0
3,SUCCESS,exec0,10,2,4.2855,175.7158,0
26,SUCCESS,exec0,10,2,4.2873,180.0032,0
96,SUCCESS,exec0,10,2,4.3355,184.3387,0
40,SUCCESS,exec0,10,2,4.478,188.8167,0
126,SUCCESS,exec0,10,2,4.478,193.2947,0
106,SUCCESS,exec0,10,2,4.4805,197.7752,0
0,SUCCESS,exec0,10,2,4.3768,202.152,0
91,SUCCESS,exec0,10,2,4.3997,206.5517,0
27,SUCCESS,exec0,10,2,4.4208,210.9725,0
180,SUCCESS,exec0,10,2,4.458,215.4305,0
133,SUCCESS,exec0,10,2,4.504,219.9345,0
8,SUCCESS,exec0,10,2,4.5138,224.4483,0
28,SUCCESS,exec0,10,2,4.5282,228.9765,0
229,SUCCESS,exec0,10,2,4.538,233.5145,0
225,SUCCESS,exec0,10,2,4.549,238.0635,0
146,SUCCESS,exec0,10,2,4.5675,242.631,0
164,SUCCESS,exec0,10,2,4.6147,247.2457,0
80,SUCCESS,exec0,10,2,4.645,251.8907,0
16,SUCCESS,exec0,10,2,4.662,256.5527,0
216,SUCCESS,exec0,10,3,3.5368,3.6368,0
75,SUCCESS,exec0,10,3,3.6628,7.2997,0
179,SUCCESS,exec0,10,3,3.7255,11.0252,0
95,SUCCESS,exec0,10,3,3.7502,14.7753,0
194,SUCCESS,exec0,10,3,3.7577,18.533,0
92,SUCCESS,exec0,10,3,3.7635,22.2965,0
121,SUCCESS,exec0,10,3,3.7878,26.0843,0
74,SUCCESS,exec0,10,3,3.8958,29.9802,0
93,SUCCESS,exec0,10,3,3.8957,33.8758,0
83,SUCCESS,exec0,10,3,3.9085,37.7843,0
183,SUCCESS,exec0,10,3,3.9533,41.7377,0
197,SUCCESS,exec0,10,3,3.9225,45.6602,0
239,SUCCESS,exec0,10,3,3.9437,49.6038,0
191,SUCCESS,exec0,10,3,3.9467,53.5505,0
144,SUCCESS,exec0,10,3,3.9967,57.5472,0
201,SUCCESS,exec0,10,3,4.029,61.5762,0
119,SUCCESS,exec0,10,3,4.032,65.6082,0
128,SUCCESS,exec0,10,3,4.0598,69.668,0
228,SUCCESS,exec0,10,3,4.0857,73.7537,0
195,SUCCESS,exec0,10,3,4.1322,77.8858,0
161,SUCCESS,exec0,10,3,4.1335,82.0193,0
64,SUCCESS,exec0,10,3,4.156,86.1753,0
169,SUCCESS,exec0,10,3,4.165,90.3403,0
66,SUCCESS,exec0,10,3,4.1713,94.5117,0
153,SUCCESS,exec0,10,3,4.1875,98.6992,0
14,SUCCESS,exec0,10,3,4.204,102.9032,0
171,SUCCESS,exec0,10,3,4.2302,107.1333,0
36,SUCCESS,exec0,10,3,4.2485,111.3818,0
98,SUCCESS,exec0,10,3,4.2612,115.643,0
242,SUCCESS,exec0,10,3,4.2832,119.9262,0
9,SUCCESS,exec0,10,3,4.2873,124.2135,0
184,SUCCESS,exec0,10,3,4.2915,128.505,0
39,SUCCESS,exec0,10,3,4.3152,132.8202,0
29,SUCCESS,exec0,10,3,4.3158,137.136,0
129,SUCCESS,exec0,10,3,4.352,141.488,0
122,SUCCESS,exec0,10,3,4.3748,145.8628,0
105,SUCCESS,exec0,10,3,4.4335,150.2963,0
67,SUCCESS,exec0,10,3,4.4357,154.732,0
57,SUCCESS,exec0,10,3,4.476,159.208,0
54,SUCCESS,exec0,10,3,4.4482,163.6562,0
182,SUCCESS,exec0,10,3,4.4505,168.1067,0
116,SUCCESS,exec0,10,3,4.4612,172.5678,0
156,SUCCESS,exec0,10,3,4.475,177.0428,0
42,SUCCESS,exec0,10,3,4.4818,181.5247,0
17,SUCCESS,exec0,10,3,4.485,186.0097,0
174,SUCCESS,exec0,10,3,4.489,190.4987,0
58,SUCCESS,exec0,10,3,4.4905,194.9892,0
31,SUCCESS,exec0,10,3,4.5455,199.5347,0
115,SUCCESS,exec0,10,3,4.5503,204.085,0
198,SUCCESS,exec0,10,3,4.5542,208.6392,0
236,SUCCESS,exec0,10,3,4.5673,213.2065,0
221,SUCCESS,exec0,10,3,4.61,217.8165,0
21,SUCCESS,exec0,10,3,4.6665,222.483,0
70,SUCCESS,exec0,10,3,4.6668,227.1498,0
4,SUCCESS,exec0,10,3,4.6727,231.8225,0
23,SUCCESS,exec0,10,3,4.683,236.5055,0
167,SUCCESS,exec0,10,3,4.7455,241.251,0
94,SUCCESS,exec0,10,3,4.806,246.057,0
147,SUCCESS,exec0,10,3,4.8177,250.8747,0
86,SUCCESS,exec0,10,3,4.852,255.7267,0
76,SUCCESS,exec0,10,3,4.856,260.5827,0
71,SUCCESS,exec0,10,3,4.889,265.4717,0
100,SUCCESS,exec0,10,3,4.933,270.4047,0
200,SUCCESS,exec0,10,3,4.9795,275.3842,0
