41,SUCCESS,exec8,10,0,2.232,2.332,0
73,SUCCESS,exec8,10,0,2.323,4.655,0
5,SUCCESS,exec8,10,0,2.68,7.335,0
79,SUCCESS,exec8,10,0,2.7932,10.1282,0
69,SUCCESS,exec8,10,0,2.8738,13.002,0
65,SUCCESS,exec8,10,0,3.0778,16.0798,0
116,SUCCESS,exec8,10,0,3.1925,19.2723,0
3,SUCCESS,exec8,10,0,3.5173,22.7897,0
66,SUCCESS,exec8,10,0,3.4955,26.2852,0
54,SUCCESS,exec8,10,0,3.598,29.8832,0
21,SUCCESS,exec8,10,0,3.776,33.6592,0
71,SUCCESS,exec8,10,0,3.9237,37.5828,0
11,SUCCESS,exec8,10,0,3.9673,41.5502,0
62,SUCCESS,exec8,10,0,4.0022,45.5523,0
101,SUCCESS,exec8,10,0,4.0275,49.5798,0
48,SUCCESS,exec8,10,0,4.2853,53.8652,0
115,SUCCESS,exec8,10,0,4.8648,58.73,0
122,SUCCESS,exec8,10,0,4.8868,63.6168,0
42,SUCCESS,exec8,10,0,5.2538,68.8707,0
120,SUCCESS,exec8,10,0,5.3855,74.2562,0
27,SUCCESS,exec8,10,0,5.4603,79.7165,0
57,SUCCESS,exec8,10,0,5.4672,85.1837,0
33,SUCCESS,exec8,10,0,5.732,90.9157,0
44,SUCCESS,exec8,10,0,5.9612,96.8768,0
31,SUCCESS,exec8,10,0,6.0103,102.8872,0
29,SUCCESS,exec8,10,0,6.0448,108.932,0
60,SUCCESS,exec8,10,0,6.0772,115.0092,0
78,SUCCESS,exec8,10,0,6.1322,121.1413,0
90,SUCCESS,exec8,10,0,6.146,127.2873,0
108,SUCCESS,exec8,10,0,6.2532,133.5405,0
107,SUCCESS,exec8,10,0,6.4347,139.9752,0
40,SUCCESS,exec8,10,0,6.5603,146.5355,0
50,SUCCESS,exec8,10,1,3.49,3.59,0
98,SUCCESS,exec8,10,1,3.635,7.225,0
8,SUCCESS,exec8,10,1,3.7252,10.9502,0
18,SUCCESS,exec8,10,1,3.7918,14.742,0
34,SUCCESS,exec8,10,1,3.9018,18.6438,0
0,SUCCESS,exec8,10,1,4.0358,22.6797,0
114,SUCCESS,exec8,10,1,4.0405,26.7202,0
68,SUCCESS,exec8,10,1,4.267,30.9872,0
96,SUCCESS,exec8,10,1,4.379,35.3662,0
1,SUCCESS,exec8,10,1,4.3827,39.7488,0
126,SUCCESS,exec8,10,1,4.4008,44.1497,0
23,SUCCESS,exec8,10,1,4.4102,48.5598,0
36,SUCCESS,exec8,10,1,4.4313,52.9912,0
95,SUCCESS,exec8,10,1,4.4628,57.454,0
58,SUCCESS,exec8,10,1,4.464,61.918,0
104,SUCCESS,exec8,10,1,4.4638,66.3818,0
123,SUCCESS,exec8,10,1,4.4648,70.8467,0
39,SUCCESS,exec8,10,1,4.4835,75.3302,0
77,SUCCESS,exec8,10,1,4.5133,79.8435,0
47,SUCCESS,exec8,10,1,4.5647,84.4082,0
81,SUCCESS,exec8,10,1,4.6188,89.027,0
113,SUCCESS,exec8,10,1,4.6207,93.6477,0
30,SUCCESS,exec8,10,1,4.7642,98.4118,0
37,SUCCESS,exec8,10,1,4.8663,103.2782,0
74,SUCCESS,exec8,10,1,4.9658,108.244,0
26,SUCCESS,exec8,10,1,4.9978,113.2418,0
84,SUCCESS,exec8,10,1,5.0128,118.2547,0
46,SUCCESS,exec8,10,1,5.1062,123.3608,0
75,SUCCESS,exec8,10,1,5.1415,128.5023,0
45,SUCCESS,exec8,10,1,5.2582,133.7605,0
63,SUCCESS,exec8,10,1,5.5187,139.2792,0
53,SUCCESS,exec8,10,1,5.5523,144.8315,0
56,SUCCESS,exec8,10,2,3.859,3.959,0
6,SUCCESS,exec8,10,2,3.8572,7.8162,0
117,SUCCESS,exec8,10,2,3.9418,11.758,0
19,SUCCESS,exec8,10,2,3.9998,15.7578,0
52,SUCCESS,exec8,10,2,4.0738,19.8317,0
112,SUCCESS,exec8,10,2,4.0895,23.9212,0
124,SUCCESS,exec8,10,2,4.124,28.0452,0
111,SUCCESS,exec8,10,2,4.198,32.2432,0
14,SUCCESS,exec8,10,2,4.3517,36.5948,0
125,SUCCESS,exec8,10,2,4.3833,40.9782,0
67,SUCCESS,exec8,10,2,4.3862,45.3643,0
76,SUCCESS,exec8,10,2,4.3968,49.7612,0
91,SUCCESS,exec8,10,2,4.4273,54.1885,0
20,SUCCESS,exec8,10,2,4.4315,58.62,0
22,SUCCESS,exec8,10,2,4.4793,63.0993,0
9,SUCCESS,exec8,10,2,4.4898,67.5892,0
105,SUCCESS,exec8,10,2,4.513,72.1022,0
64,SUCCESS,exec8,10,2,4.5363,76.6385,0
38,SUCCESS,exec8,10,2,4.5677,81.2062,0
24,SUCCESS,exec8,10,2,4.6408,85.847,0
2,SUCCESS,exec8,10,2,4.6707,90.5177,0
103,SUCCESS,exec8,10,2,4.6812,95.1988,0
55,SUCCESS,exec8,10,2,4.7183,99.9172,0
59,SUCCESS,exec8,10,2,4.7183,104.6355,0
35,SUCCESS,exec8,10,2,4.7598,109.3953,0
89,SUCCESS,exec8,10,2,4.7818,114.1772,0
28,SUCCESS,exec8,10,2,4.8402,119.0173,0
51,SUCCESS,exec8,10,2,4.8555,123.8728,0
10,SUCCESS,exec8,10,2,4.8702,128.743,0
12,SUCCESS,exec8,10,2,4.9075,133.6505,0
100,SUCCESS,exec8,10,2,4.9807,138.6312,0
109,SUCCESS,exec8,10,2,4.9833,143.6145,0
110,SUCCESS,exec8,10,3,3.749,3.849,0
43,SUCCESS,exec8,10,3,3.7665,7.6155,0
72,SUCCESS,exec8,10,3,3.7912,11.4067,0
25,SUCCESS,exec8,10,3,3.8618,15.2685,0
32,SUCCESS,exec8,10,3,3.8838,19.1523,0
15,SUCCESS,exec8,10,3,3.8888,23.0412,0
102,SUCCESS,exec8,10,3,3.894,26.9352,0
99,SUCCESS,exec8,10,3,3.942,30.8772,0
70,SUCCESS,exec8,10,3,3.954,34.8312,0
106,SUCCESS,exec8,10,3,4.0027,38.8338,0
97,SUCCESS,exec8,10,3,4.0438,42.8777,0
7,SUCCESS,exec8,10,3,4.0952,46.9728,0
94,SUCCESS,exec8,10,3,4.1073,51.0802,0
4,SUCCESS,exec8,10,3,4.1218,55.202,0
82,SUCCESS,exec8,10,3,4.14,59.342,0
16,SUCCESS,exec8,10,3,4.1648,63.5068,0
80,SUCCESS,exec8,10,3,4.2038,67.7107,0
88,SUCCESS,exec8,10,3,4.2495,71.9602,0
86,SUCCESS,exec8,10,3,4.257,76.2172,0
119,SUCCESS,exec8,10,3,4.2943,80.5115,0
87,SUCCESS,exec8,10,3,4.3462,84.8577,0
85,SUCCESS,exec8,10,3,4.4133,89.271,0
118,SUCCESS,exec8,10,3,4.4912,93.7622,0
83,SUCCESS,exec8,10,3,4.5397,98.3018,0
92,SUCCESS,exec8,10,3,4.6953,102.9972,0
17,SUCCESS,exec8,10,3,4.6878,107.685,0
13,SUCCESS,exec8,10,3,4.6998,112.3848,0
93,SUCCESS,exec8,10,3,4.7678,117.1527,0
49,SUCCESS,exec8,10,3,4.8452,121.9978,0
61,SUCCESS,exec8,10,3,4.9055,126.9033,0
121,SUCCESS,exec8,10,3,4.9572,131.8605,0
127,SUCCESS,exec8,10,3,4.96,136.8205,0
