0,SUCCESS,exec5,10,0,2.112,2.212,0
17,SUCCESS,exec5,10,0,2.1127,4.3247,0
15,SUCCESS,exec5,10,0,2.152,6.4767,0
75,SUCCESS,exec5,10,0,2.1982,8.6748,0
109,SUCCESS,exec5,10,0,2.2513,10.9262,0
115,SUCCESS,exec5,10,0,2.297,13.2232,0
123,SUCCESS,exec5,10,0,2.3233,15.5465,0
119,SUCCESS,exec5,10,0,2.7127,18.2592,0
64,SUCCESS,exec5,10,0,2.7035,20.9627,0
61,SUCCESS,exec5,10,0,3.0507,24.0133,0
88,SUCCESS,exec5,10,0,3.085,27.0983,0
72,SUCCESS,exec5,10,0,3.104,30.2023,0
27,SUCCESS,exec5,10,0,3.2325,33.4348,0
62,SUCCESS,exec5,10,0,3.269,36.7038,0
11,SUCCESS,exec5,10,0,3.46,40.1638,0
78,SUCCESS,exec5,10,0,3.5312,43.695,0
106,SUCCESS,exec5,10,0,3.5822,47.2772,0
97,SUCCESS,exec5,10,0,3.9062,51.1833,0
10,SUCCESS,exec5,10,0,4.017,55.2003,0
99,SUCCESS,exec5,10,0,4.032,59.2323,0
3,SUCCESS,exec5,10,0,4.1653,63.3977,0
90,SUCCESS,exec5,10,0,4.2355,67.6332,0
32,SUCCESS,exec5,10,0,4.311,71.9442,0
80,SUCCESS,exec5,10,0,4.315,76.2592,0
46,SUCCESS,exec5,10,0,4.334,80.5932,0
40,SUCCESS,exec5,10,0,4.5253,85.1185,0
120,SUCCESS,exec5,10,0,4.5473,89.6658,0
9,SUCCESS,exec5,10,0,4.551,94.2168,0
4,SUCCESS,exec5,10,0,5.3482,99.565,0
79,SUCCESS,exec5,10,0,5.4182,104.9832,0
18,SUCCESS,exec5,10,0,5.4225,110.4057,0
20,SUCCESS,exec5,10,0,5.424,115.8297,0
73,SUCCESS,exec5,10,1,2.724,2.824,0
94,SUCCESS,exec5,10,1,2.8307,5.6547,0
52,SUCCESS,exec5,10,1,3.1302,8.7848,0
25,SUCCESS,exec5,10,1,3.0983,11.8832,0
71,SUCCESS,exec5,10,1,3.1033,14.9865,0
86,SUCCESS,exec5,10,1,3.1627,18.1492,0
126,SUCCESS,exec5,10,1,3.2335,21.3827,0
36,SUCCESS,exec5,10,1,3.2497,24.6323,0
113,SUCCESS,exec5,10,1,3.27,27.9023,0
13,SUCCESS,exec5,10,1,3.657,31.5593,0
37,SUCCESS,exec5,10,1,3.8325,35.3918,0
107,SUCCESS,exec5,10,1,3.986,39.3778,0
82,SUCCESS,exec5,10,1,4.0912,43.469,0
104,SUCCESS,exec5,10,1,4.1432,47.6122,0
29,SUCCESS,exec5,10,1,4.1592,51.7713,0
112,SUCCESS,exec5,10,1,4.177,55.9483,0
21,SUCCESS,exec5,10,1,4.268,60.2163,0
28,SUCCESS,exec5,10,1,4.2703,64.4867,0
57,SUCCESS,exec5,10,1,4.3405,68.8272,0
102,SUCCESS,exec5,10,1,4.456,73.2832,0
55,SUCCESS,exec5,10,1,4.482,77.7652,0
93,SUCCESS,exec5,10,1,4.5233,82.2885,0
70,SUCCESS,exec5,10,1,4.7133,87.0018,0
44,SUCCESS,exec5,10,1,4.729,91.7308,0
87,SUCCESS,exec5,10,1,4.841,96.5718,0
105,SUCCESS,exec5,10,1,4.9052,101.477,0
125,SUCCESS,exec5,10,1,4.9442,106.4212,0
39,SUCCESS,exec5,10,1,5.0435,111.4647,0
45,SUCCESS,exec5,10,1,5.071,116.5357,0
16,SUCCESS,exec5,10,1,5.079,121.6147,0
85,SUCCESS,exec5,10,1,5.2453,126.86,0
19,SUCCESS,exec5,10,1,5.3068,132.1668,0
42,SUCCESS,exec5,10,2,3.5387,3.6387,0
101,SUCCESS,exec5,10,2,3.5707,7.2093,0
60,SUCCESS,exec5,10,2,3.5988,10.8082,0
92,SUCCESS,exec5,10,2,3.6003,14.4085,0
124,SUCCESS,exec5,10,2,3.6307,18.0392,0
2,SUCCESS,exec5,10,2,3.6782,21.7173,0
43,SUCCESS,exec5,10,2,3.703,25.4203,0
7,SUCCESS,exec5,10,2,3.728,29.1483,0
127,SUCCESS,exec5,10,2,3.7485,32.8968,0
108,SUCCESS,exec5,10,2,3.917,36.8138,0
41,SUCCESS,exec5,10,2,3.8747,40.6885,0
95,SUCCESS,exec5,10,2,3.8872,44.5757,0
69,SUCCESS,exec5,10,2,3.9112,48.4868,0
118,SUCCESS,exec5,10,2,3.9425,52.4293,0
22,SUCCESS,exec5,10,2,3.947,56.3763,0
81,SUCCESS,exec5,10,2,3.9993,60.3757,0
1,SUCCESS,exec5,10,2,4.221,64.5967,0
100,SUCCESS,exec5,10,2,4.1205,68.7172,0
59,SUCCESS,exec5,10,2,4.131,72.8482,0
114,SUCCESS,exec5,10,2,4.243,77.0912,0
91,SUCCESS,exec5,10,2,4.3183,81.4095,0
8,SUCCESS,exec5,10,2,4.3313,85.7408,0
89,SUCCESS,exec5,10,2,4.452,90.1928,0
5,SUCCESS,exec5,10,2,4.356,94.5488,0
24,SUCCESS,exec5,10,2,4.4717,99.0205,0
96,SUCCESS,exec5,10,2,4.4872,103.5077,0
67,SUCCESS,exec5,10,2,4.5755,108.0832,0
116,SUCCESS,exec5,10,2,4.6635,112.7467,0
47,SUCCESS,exec5,10,2,4.703,117.4497,0
14,SUCCESS,exec5,10,2,5.0403,122.49,0
49,SUCCESS,exec5,10,2,5.0953,127.5853,0
50,SUCCESS,exec5,10,2,5.2208,132.8062,0
63,SUCCESS,exec5,10,3,3.9207,4.0207,0
30,SUCCESS,exec5,10,3,3.9482,7.9688,0
122,SUCCESS,exec5,10,3,4.0243,11.9932,0
66,SUCCESS,exec5,10,3,4.0253,16.0185,0
68,SUCCESS,exec5,10,3,4.0402,20.0587,0
31,SUCCESS,exec5,10,3,4.1337,24.1923,0
121,SUCCESS,exec5,10,3,4.158,28.3503,0
12,SUCCESS,exec5,10,3,4.1965,32.5468,0
117,SUCCESS,exec5,10,3,4.267,36.8138,0
51,SUCCESS,exec5,10,3,4.2042,41.018,0
83,SUCCESS,exec5,10,3,4.2712,45.2892,0
111,SUCCESS,exec5,10,3,4.3302,49.6193,0
26,SUCCESS,exec5,10,3,4.363,53.9823,0
84,SUCCESS,exec5,10,3,4.43,58.4123,0
110,SUCCESS,exec5,10,3,4.4353,62.8477,0
6,SUCCESS,exec5,10,3,4.4795,67.3272,0
54,SUCCESS,exec5,10,3,4.507,71.8342,0
103,SUCCESS,exec5,10,3,4.535,76.3692,0
53,SUCCESS,exec5,10,3,4.545,80.9142,0
38,SUCCESS,exec5,10,3,4.5693,85.4835,0
33,SUCCESS,exec5,10,3,4.5993,90.0828,0
35,SUCCESS,exec5,10,3,4.608,94.6908,0
56,SUCCESS,exec5,10,3,4.6502,99.341,0
58,SUCCESS,exec5,10,3,4.6962,104.0372,0
48,SUCCESS,exec5,10,3,4.7085,108.7457,0
98,SUCCESS,exec5,10,3,4.762,113.5077,0
74,SUCCESS,exec5,10,3,4.791,118.2987,0
76,SUCCESS,exec5,10,3,4.8593,123.158,0
65,SUCCESS,exec5,10,3,4.9038,128.0618,0
34,SUCCESS,exec5,10,3,4.9648,133.0267,0
77,SUCCESS,exec5,10,3,4.9865,138.0132,0
23,SUCCESS,exec5,10,3,4.9875,143.0007,0
