60,SUCCESS,exec0,10,0,2.29,2.39,0
27,SUCCESS,exec0,10,0,2.3202,4.7102,0
82,SUCCESS,exec0,10,0,2.655,7.3652,0
106,SUCCESS,exec0,10,0,2.7695,10.1347,0
86,SUCCESS,exec0,10,0,2.7712,12.9058,0
91,SUCCESS,exec0,10,0,2.9392,15.845,0
23,SUCCESS,exec0,10,0,3.0967,18.9417,0
15,SUCCESS,exec0,10,0,3.1022,22.0438,0
81,SUCCESS,exec0,10,0,3.187,25.2308,0
124,SUCCESS,exec0,10,0,3.3578,28.5887,0
105,SUCCESS,exec0,10,0,3.4808,32.0695,0
101,SUCCESS,exec0,10,0,3.5053,35.5748,0
65,SUCCESS,exec0,10,0,3.528,39.1028,0
110,SUCCESS,exec0,10,0,3.6585,42.7613,0
55,SUCCESS,exec0,10,0,3.7237,46.485,0
98,SUCCESS,exec0,10,0,3.7223,50.2073,0
36,SUCCESS,exec0,10,0,3.9362,54.1435,0
87,SUCCESS,exec0,10,0,4.2275,58.371,0
33,SUCCESS,exec0,10,0,4.488,62.859,0
14,SUCCESS,exec0,10,0,4.6907,67.5497,0
30,SUCCESS,exec0,10,0,4.7605,72.3102,0
8,SUCCESS,exec0,10,0,4.878,77.1882,0
20,SUCCESS,exec0,10,0,4.9213,82.1095,0
48,SUCCESS,exec0,10,0,4.9673,87.0768,0
100,SUCCESS,exec0,10,0,5.1325,92.2093,0
78,SUCCESS,exec0,10,0,5.6853,97.8947,0
19,SUCCESS,exec0,10,0,5.7988,103.6935,0
92,SUCCESS,exec0,10,0,5.8022,109.4957,0
80,SUCCESS,exec0,10,0,5.8258,115.3215,0
31,SUCCESS,exec0,10,0,5.9462,121.2677,0
11,SUCCESS,exec0,10,0,5.9682,127.2358,0
7,SUCCESS,exec0,10,0,6.221,133.4568,0
89,SUCCESS,exec0,10,1,3.13,3.23,0
24,SUCCESS,exec0,10,1,3.2772,6.5072,0
39,SUCCESS,exec0,10,1,3.3775,9.8847,0
0,SUCCESS,exec0,10,1,3.4172,13.3018,0
108,SUCCESS,exec0,10,1,3.5332,16.835,0
113,SUCCESS,exec0,10,1,3.7842,20.6192,0
121,SUCCESS,exec0,10,1,3.9177,24.5368,0
46,SUCCESS,exec0,10,1,3.9418,28.4787,0
17,SUCCESS,exec0,10,1,4.0068,32.4855,0
127,SUCCESS,exec0,10,1,4.0733,36.5588,0
52,SUCCESS,exec0,10,1,4.0745,40.6333,0
125,SUCCESS,exec0,10,1,4.0897,44.723,0
43,SUCCESS,exec0,10,1,4.1103,48.8333,0
120,SUCCESS,exec0,10,1,4.1122,52.9455,0
21,SUCCESS,exec0,10,1,4.2575,57.203,0
111,SUCCESS,exec0,10,1,4.276,61.479,0
61,SUCCESS,exec0,10,1,4.2987,65.7777,0
32,SUCCESS,exec0,10,1,4.3645,70.1422,0
74,SUCCESS,exec0,10,1,4.382,74.5242,0
44,SUCCESS,exec0,10,1,4.384,78.9082,0
63,SUCCESS,exec0,10,1,4.4048,83.313,0
54,SUCCESS,exec0,10,1,4.5688,87.8818,0
35,SUCCESS,exec0,10,1,4.5915,92.4733,0
77,SUCCESS,exec0,10,1,4.6053,97.0787,0
68,SUCCESS,exec0,10,1,4.6428,101.7215,0
26,SUCCESS,exec0,10,1,4.8095,106.531,0
4,SUCCESS,exec0,10,1,4.8697,111.4007,0
75,SUCCESS,exec0,10,1,4.9458,116.3465,0
18,SUCCESS,exec0,10,1,5.0312,121.3777,0
45,SUCCESS,exec0,10,1,4.9822,126.3598,0
99,SUCCESS,exec0,10,1,5.2497,131.6095,0
72,SUCCESS,exec0,10,1,5.2703,136.8798,0
53,SUCCESS,exec0,10,2,3.5167,3.6167,0
84,SUCCESS,exec0,10,2,3.5665,7.1832,0
96,SUCCESS,exec0,10,2,3.5782,10.7613,0
13,SUCCESS,exec0,10,2,3.6032,14.3645,0
57,SUCCESS,exec0,10,2,3.6652,18.0297,0
95,SUCCESS,exec0,10,2,3.6862,21.7158,0
38,SUCCESS,exec0,10,2,3.6903,25.4062,0
62,SUCCESS,exec0,10,2,3.6978,29.104,0
107,SUCCESS,exec0,10,2,3.7608,32.8648,0
76,SUCCESS,exec0,10,2,3.804,36.6688,0
37,SUCCESS,exec0,10,2,3.8035,40.4723,0
122,SUCCESS,exec0,10,2,3.8617,44.334,0
90,SUCCESS,exec0,10,2,3.9483,48.2823,0
59,SUCCESS,exec0,10,2,3.9792,52.2615,0
67,SUCCESS,exec0,10,2,4.0575,56.319,0
109,SUCCESS,exec0,10,2,4.21,60.529,0
123,SUCCESS,exec0,10,2,4.1427,64.6717,0
49,SUCCESS,exec0,10,2,4.18,68.8517,0
28,SUCCESS,exec0,10,2,4.2045,73.0562,0
22,SUCCESS,exec0,10,2,4.242,77.2982,0
115,SUCCESS,exec0,10,2,4.2373,81.5355,0
3,SUCCESS,exec0,10,2,4.2788,85.8143,0
85,SUCCESS,exec0,10,2,4.2835,90.0978,0
66,SUCCESS,exec0,10,2,4.3328,94.4307,0
114,SUCCESS,exec0,10,2,4.4253,98.856,0
10,SUCCESS,exec0,10,2,4.4515,103.3075,0
5,SUCCESS,exec0,10,2,4.6762,107.9837,0
71,SUCCESS,exec0,10,2,4.7703,112.754,0
97,SUCCESS,exec0,10,2,4.8232,117.5772,0
41,SUCCESS,exec0,10,2,4.8472,122.4243,0
2,SUCCESS,exec0,10,2,4.9262,127.3505,0
29,SUCCESS,exec0,10,2,5.0363,132.3868,0
94,SUCCESS,exec0,10,3,3.7842,3.8842,0
40,SUCCESS,exec0,10,3,3.8235,7.7077,0
88,SUCCESS,exec0,10,3,3.8262,11.5338,0
119,SUCCESS,exec0,10,3,3.8372,15.371,0
1,SUCCESS,exec0,10,3,3.9632,19.3342,0
126,SUCCESS,exec0,10,3,3.9677,23.3018,0
69,SUCCESS,exec0,10,3,3.9908,27.2927,0
112,SUCCESS,exec0,10,3,4.0688,31.3615,0
9,SUCCESS,exec0,10,3,4.0713,35.4328,0
47,SUCCESS,exec0,10,3,4.0955,39.5283,0
50,SUCCESS,exec0,10,3,4.155,43.6833,0
79,SUCCESS,exec0,10,3,4.1557,47.839,0
56,SUCCESS,exec0,10,3,4.1618,52.0008,0
58,SUCCESS,exec0,10,3,4.2082,56.209,0
70,SUCCESS,exec0,10,3,4.21,60.419,0
42,SUCCESS,exec0,10,3,4.3627,64.7817,0
117,SUCCESS,exec0,10,3,4.3085,69.0902,0
83,SUCCESS,exec0,10,3,4.313,73.4032,0
73,SUCCESS,exec0,10,3,4.459,77.8622,0
25,SUCCESS,exec0,10,3,4.5108,82.373,0
12,SUCCESS,exec0,10,3,4.5418,86.9148,0
93,SUCCESS,exec0,10,3,4.5525,91.4673,0
116,SUCCESS,exec0,10,3,4.6103,96.0777,0
103,SUCCESS,exec0,10,3,4.6368,100.7145,0
51,SUCCESS,exec0,10,3,4.6565,105.371,0
104,SUCCESS,exec0,10,3,4.7047,110.0757,0
6,SUCCESS,exec0,10,3,4.7298,114.8055,0
64,SUCCESS,exec0,10,3,4.7982,119.6037,0
16,SUCCESS,exec0,10,3,4.8702,124.4738,0
118,SUCCESS,exec0,10,3,4.8857,129.3595,0
34,SUCCESS,exec0,10,3,4.9413,134.3008,0
102,SUCCESS,exec0,10,3,4.9745,139.2753,0
