57,SUCCESS,exec2,10,0,2.038,2.138,0
90,SUCCESS,exec2,10,0,2.251,4.389,0
41,SUCCESS,exec2,10,0,2.3147,6.7037,0
76,SUCCESS,exec2,10,0,2.3535,9.0572,0
21,SUCCESS,exec2,10,0,2.6455,11.7027,0
14,SUCCESS,exec2,10,0,2.6853,14.388,0
80,SUCCESS,exec2,10,0,3.0097,17.3977,0
43,SUCCESS,exec2,10,0,3.366,20.7637,0
40,SUCCESS,exec2,10,0,3.352,24.1157,0
125,SUCCESS,exec2,10,0,3.4147,27.5303,0
53,SUCCESS,exec2,10,0,3.6023,31.1327,0
108,SUCCESS,exec2,10,0,3.7515,34.8842,0
89,SUCCESS,exec2,10,0,3.759,38.6432,0
12,SUCCESS,exec2,10,0,3.7607,42.4038,0
16,SUCCESS,exec2,10,0,3.7947,46.1985,0
33,SUCCESS,exec2,10,0,3.9057,50.1042,0
67,SUCCESS,exec2,10,0,3.9207,54.0248,0
97,SUCCESS,exec2,10,0,4.0135,58.0383,0
4,SUCCESS,exec2,10,0,4.0402,62.0785,0
95,SUCCESS,exec2,10,0,4.1485,66.227,0
92,SUCCESS,exec2,10,0,4.3533,70.5803,0
102,SUCCESS,exec2,10,0,4.4938,75.0742,0
115,SUCCESS,exec2,10,0,4.5142,79.5883,0
27,SUCCESS,exec2,10,0,4.5298,84.1182,0
70,SUCCESS,exec2,10,0,4.591,88.7092,0
34,SUCCESS,exec2,10,0,4.6795,93.3887,0
77,SUCCESS,exec2,10,0,4.6807,98.0693,0
38,SUCCESS,exec2,10,0,4.8797,102.949,0
20,SUCCESS,exec2,10,0,4.9553,107.9043,0
94,SUCCESS,exec2,10,0,5.0677,112.972,0
124,SUCCESS,exec2,10,0,5.0792,118.0512,0
36,SUCCESS,exec2,10,0,5.1452,123.1963,0
72,SUCCESS,exec2,10,1,2.628,2.728,0
74,SUCCESS,exec2,10,1,2.721,5.449,0
48,SUCCESS,exec2,10,1,2.7642,8.2132,0
88,SUCCESS,exec2,10,1,2.8055,11.0187,0
45,SUCCESS,exec2,10,1,2.8733,13.892,0
2,SUCCESS,exec2,10,1,2.9727,16.8647,0
79,SUCCESS,exec2,10,1,3.013,19.8777,0
42,SUCCESS,exec2,10,1,3.076,22.9537,0
50,SUCCESS,exec2,10,1,3.204,26.1577,0
29,SUCCESS,exec2,10,1,3.2097,29.3673,0
81,SUCCESS,exec2,10,1,3.2168,32.5842,0
47,SUCCESS,exec2,10,1,3.293,35.8772,0
127,SUCCESS,exec2,10,1,3.346,39.2232,0
13,SUCCESS,exec2,10,1,3.4667,42.6898,0
10,SUCCESS,exec2,10,1,3.6187,46.3085,0
22,SUCCESS,exec2,10,1,3.6857,49.9942,0
69,SUCCESS,exec2,10,1,3.7667,53.7608,0
1,SUCCESS,exec2,10,1,3.7895,57.5503,0
100,SUCCESS,exec2,10,1,3.8682,61.4185,0
5,SUCCESS,exec2,10,1,3.9545,65.373,0
73,SUCCESS,exec2,10,1,3.9613,69.3343,0
39,SUCCESS,exec2,10,1,3.9798,73.3142,0
86,SUCCESS,exec2,10,1,4.0262,77.3403,0
104,SUCCESS,exec2,10,1,4.0758,81.4162,0
15,SUCCESS,exec2,10,1,4.095,85.5112,0
98,SUCCESS,exec2,10,1,4.2235,89.7347,0
112,SUCCESS,exec2,10,1,4.326,94.0607,0
99,SUCCESS,exec2,10,1,4.3487,98.4093,0
120,SUCCESS,exec2,10,1,4.4017,102.811,0
52,SUCCESS,exec2,10,1,4.7233,107.5343,0
24,SUCCESS,exec2,10,1,4.7462,112.2805,0
18,SUCCESS,exec2,10,1,4.8332,117.1137,0
119,SUCCESS,exec2,10,2,3.2273,3.3273,0
28,SUCCESS,exec2,10,2,3.2663,6.5937,0
87,SUCCESS,exec2,10,2,3.3375,9.9312,0
85,SUCCESS,exec2,10,2,3.3428,13.274,0
51,SUCCESS,exec2,10,2,3.3947,16.6687,0
26,SUCCESS,exec2,10,2,3.439,20.1077,0
9,SUCCESS,exec2,10,2,3.446,23.5537,0
23,SUCCESS,exec2,10,2,3.5747,27.1283,0
31,SUCCESS,exec2,10,2,3.6123,30.7407,0
19,SUCCESS,exec2,10,2,3.6695,34.4102,0
62,SUCCESS,exec2,10,2,3.689,38.0992,0
25,SUCCESS,exec2,10,2,3.8107,41.9098,0
101,SUCCESS,exec2,10,2,3.8387,45.7485,0
103,SUCCESS,exec2,10,2,3.8607,49.6092,0
75,SUCCESS,exec2,10,2,3.8837,53.4928,0
96,SUCCESS,exec2,10,2,3.9025,57.3953,0
59,SUCCESS,exec2,10,2,3.9132,61.3085,0
114,SUCCESS,exec2,10,2,3.9545,65.263,0
105,SUCCESS,exec2,10,2,3.9613,69.2243,0
37,SUCCESS,exec2,10,2,3.9798,73.2042,0
113,SUCCESS,exec2,10,2,3.9842,77.1883,0
83,SUCCESS,exec2,10,2,3.9878,81.1762,0
11,SUCCESS,exec2,10,2,4.018,85.1942,0
46,SUCCESS,exec2,10,2,4.029,89.2232,0
56,SUCCESS,exec2,10,2,4.2755,93.4987,0
8,SUCCESS,exec2,10,2,4.2547,97.7533,0
123,SUCCESS,exec2,10,2,4.2707,102.024,0
82,SUCCESS,exec2,10,2,4.2913,106.3153,0
35,SUCCESS,exec2,10,2,4.3172,110.6325,0
0,SUCCESS,exec2,10,2,4.3762,115.0087,0
60,SUCCESS,exec2,10,2,4.3912,119.3998,0
63,SUCCESS,exec2,10,2,4.4365,123.8363,0
68,SUCCESS,exec2,10,3,3.335,3.435,0
3,SUCCESS,exec2,10,3,3.4092,6.8442,0
55,SUCCESS,exec2,10,3,3.4135,10.2577,0
122,SUCCESS,exec2,10,3,3.4403,13.698,0
54,SUCCESS,exec2,10,3,3.4677,17.1657,0
65,SUCCESS,exec2,10,3,3.488,20.6537,0
66,SUCCESS,exec2,10,3,3.572,24.2257,0
32,SUCCESS,exec2,10,3,3.5557,27.7813,0
84,SUCCESS,exec2,10,3,3.5638,31.3452,0
64,SUCCESS,exec2,10,3,3.649,34.9942,0
116,SUCCESS,exec2,10,3,3.759,38.7532,0
91,SUCCESS,exec2,10,3,3.7607,42.5138,0
126,SUCCESS,exec2,10,3,3.9047,46.4185,0
111,SUCCESS,exec2,10,3,3.9437,50.3622,0
93,SUCCESS,exec2,10,3,4.0352,54.3973,0
107,SUCCESS,exec2,10,3,4.0665,58.4638,0
78,SUCCESS,exec2,10,3,4.2552,62.719,0
49,SUCCESS,exec2,10,3,4.286,67.005,0
61,SUCCESS,exec2,10,3,4.3698,71.3748,0
7,SUCCESS,exec2,10,3,4.4588,75.8337,0
106,SUCCESS,exec2,10,3,4.4772,80.3108,0
117,SUCCESS,exec2,10,3,4.5273,84.8382,0
58,SUCCESS,exec2,10,3,4.5345,89.3727,0
30,SUCCESS,exec2,10,3,4.578,93.9507,0
71,SUCCESS,exec2,10,3,4.6687,98.6193,0
118,SUCCESS,exec2,10,3,4.6827,103.302,0
121,SUCCESS,exec2,10,3,4.7158,108.0178,0
44,SUCCESS,exec2,10,3,4.7222,112.74,0
17,SUCCESS,exec2,10,3,4.7712,117.5112,0
110,SUCCESS,exec2,10,3,4.7912,122.3023,0
109,SUCCESS,exec2,10,3,4.917,127.2193,0
6,SUCCESS,exec2,10,3,4.967,132.1863,0
